 Table 5a.     OPPOSITE WALL  PARALLEL TO STEPSIDE WALL

  U / Ur                    DATA FILE INDEX K= 3  L= 1

 Y/H\X/H= -4. -2. -1.   0.   1.0   1.5   2.0   2.5   3.0   4.0   5.0   5.5   6.0   6.5   7.0   8.0  10.0  12.0  14.0  16.0  20.0  32.
  8.20 .942 .935 .938 .937  .918       0.907 0.909 0.896 0.887 0.876 0.870 0.866 0.862       0.851 0.824 0.822 0.820 0.798 0.799
  7.50 .9991.0011.0031.004  .992 0.990 0.983 0.987 0.980 0.974 0.970 0.966 0.964 0.960 0.962 0.954 0.946 0.942 0.941 0.932 0.930 .912
  6.00 .9991.0031.0031.005  .993 0.991 0.984 0.985 0.981 0.975 0.969 0.966 0.960 0.960 0.961 0.953 0.944 0.945 0.946 0.940 0.942 .944
  5.00 .9991.0051.0061.007  .996 0.995 0.987 0.989 0.985 0.977 0.969 0.965 0.958 0.957 0.958 0.950 0.941 0.942 0.942 0.939 0.941 .943
  4.001.0001.0061.0091.012  .999 0.999 0.991 0.993 0.989 0.979 0.968 0.964 0.956 0.953 0.955 0.946 0.937 0.939 0.939 0.937 0.940 .943
  3.60 .9991.0101.0121.014 1.002 1.000 0.992 0.994 0.991 0.979 0.968 0.963 0.955 0.952 0.952 0.944 0.936 0.939 0.938 0.936 0.939 .942
  3.201.0021.0131.0131.017 1.003 1.008 0.995 0.996 0.992 0.979 0.967 0.961 0.952 0.949 0.949 0.942 0.934 0.936 0.937 0.935 0.939 .941
  2.801.0011.0101.0161.018 1.008 1.011 1.000 1.000 0.995 0.980 0.967 0.960 0.950 0.946 0.947 0.938 0.930 0.934 0.936 0.935 0.938 .936
  2.40 .980 .987 .997 .996  .989 0.996 0.986 0.987 0.986 0.973 0.959 0.952 0.944 0.938 0.939 0.931 0.926 0.931 0.933 0.931 0.932 .922
  2.00 .925 .927 .944 .945  .941 0.948 0.940 0.943 0.945 0.935 0.921 0.913 0.911 0.905 0.907 0.905 0.905 0.908 0.914 0.910 0.907 .886
  1.70 .869 .870 .890 .893  .890 0.897 0.894 0.897 0.900 0.890 0.875 0.868 0.865 0.862 0.864 0.865 0.868 0.874 0.880 0.873 0.865 .848
  1.50 .817 .828 .843 .851  .850 0.855 0.854 0.858 0.861 0.852 0.841 0.832 0.830 0.828 0.828 0.829 0.836 0.841 0.846 0.837 0.832 .821
  1.40 .789 .805 .817 .823  .826 0.831 0.831 0.833 0.838 0.831 0.821 0.812 0.812 0.809 0.806 0.810 0.817 0.822 0.826 0.817 0.816 .808
  1.30 .759 .774 .788 .792  .793 0.802 0.803 0.806 0.811 0.806 0.796 0.789 0.790 0.785 0.785 0.787 0.795 0.800 0.805 0.795 0.795 .792
  1.20 .718 .730 .748 .755  .762 0.767 0.766 0.770 0.775 0.774 0.767 0.761 0.760 0.758 0.757 0.761 0.769 0.775 0.778 0.769 0.772 .778
  1.15 .695 .702 .719 .728  .739 0.738 0.732 0.736 0.744 0.750 0.749 0.745 0.743 0.741 0.742 0.744 0.756 0.760 0.764 0.758 0.763 .769
  1.10 .656 .672 .682 .698  .703 0.709 0.698 0.703 0.714 0.726 0.730 0.728 0.726 0.724 0.727 0.728 0.742 0.744 0.750 0.746 0.753 .761
  1.00 __________________.  .518 0.554 0.561 0.596 0.611 0.652 0.675 0.681 0.683 0.679 0.685 0.692 0.710 0.718 0.722 0.722 0.735 .746
  0.90                   !  .291 0.372 0.405 0.459 0.504 0.565 0.607 0.623 0.629 0.628 0.636 0.654 0.674 0.688 0.696 0.699 0.713 .734
  0.80                   !  .081 0.208 0.278 0.339 0.387 0.470 0.533 0.558 0.567 0.568 0.583 0.606 0.636 0.654 0.667 0.673 0.692 .718
  0.70                   ! -.005 0.055 0.138 0.224 0.281 0.379 0.450 0.482 0.499 0.502 0.527 0.556 0.594 0.622 0.640 0.654 0.674 .705
  0.60                   ! -.027-0.026 0.027 0.092 0.162 0.277 0.373 0.404 0.433 0.439 0.471 0.509 0.558 0.592 0.614 0.630 0.657 .691
  0.50                   ! -.035-0.062-0.050-0.012 0.038 0.168 0.292 0.326 0.367 0.378 0.416 0.457 0.524 0.560 0.590 0.610 0.638 .679
  0.40                   ! -.035-0.079-0.093-0.095-0.066 0.051 0.203 0.253 0.305 0.320 0.360 0.414 0.495 0.534 0.567 0.590 0.621 .662
  0.30                   ! -.035-0.088-0.116-0.140-0.142-0.057 0.116 0.177 0.247 0.267 0.313 0.375 0.469 0.508 0.549 0.570 0.603 .645
  0.20                   ! -.027-0.085-0.130-0.170-0.184-0.133 0.026 0.100 0.187 0.219 0.273 0.338 0.446 0.486 0.526 0.547 0.581 .621
  0.15                   ! -.017-0.081-0.131-0.179-0.196-0.153-0.006 0.064 0.168 0.198 0.252 0.325 0.431 0.473 0.508 0.537 0.566 .604
  0.10                   ! -.008-0.069-0.116-0.176-0.198-0.170-0.032 0.053 0.146 0.187 0.250 0.311 0.417 0.459 0.502 0.517 0.539 .581
  0.00                   ! 0.000 0.000 0.000 0.000 0.000 0.000 0.000 0.000 0.000 0.000 0.000 0.000 0.000 0.000 0.000 0.000 0.000 .000
 
 Table 5b.     OPPOSITE WALL  PARALLEL TO STEPSIDE WALL

 ( V / Ur ) * 100                    DATA FILE INDEX K= 4  L= 1 

 Y/H\X/H= -4. -2. -1.   0.   1.0   1.5   2.0   2.5   3.0   4.0   5.0   5.5   6.0   6.5   7.0   8.0  10.0  12.0  14.0  16.0  20.0  32.
  8.20  0.2 -0.8 -1.4 -1.5  -1.3        -1.4  -1.0  -1.5  -1.3  -1.8  -1.6  -1.8  -1.6        -1.9  -1.9  -0.7  -0.5  -0.6  -0.3  
  7.50 -0.6 -1.4 -2.5 -2.2  -2.5  -2.2  -2.5  -1.9  -2.5  -2.5  -2.6  -2.4  -2.7  -2.7  -2.7  -2.8  -2.4  -1.5  -1.2  -1.1  -1.0 -0.5
  6.00 -0.4 -1.0 -1.5 -1.9  -2.7  -2.5  -2.9  -2.4  -3.0  -3.1  -3.3  -3.1  -3.5  -3.3  -3.4  -3.3  -2.8  -1.8  -1.2  -1.1  -1.1 -0.7
  5.00  0.0 -0.7 -1.3 -2.2  -2.7  -2.6  -3.1  -2.8  -3.4  -3.7  -3.9  -3.8  -4.0  -3.9  -3.9  -3.7  -2.9  -1.8  -1.3  -1.1  -1.0 -0.6
  4.00  0.3 -0.3 -1.2 -1.7  -2.8  -2.8  -3.3  -3.2  -3.8  -4.2  -4.5  -4.4  -4.6  -4.4  -4.5  -4.2  -3.0  -1.8  -1.4  -1.0  -0.9 -0.5
  3.60  0.6  0.0 -1.0 -1.6  -2.6  -2.8  -3.4  -3.6  -4.1  -4.6  -4.9  -4.9  -5.0  -4.8  -4.8  -4.3  -3.0  -1.7  -1.2  -0.8  -0.8 -0.4
  3.20  0.6 -0.2 -1.0 -1.6  -2.8  -2.5  -3.6  -4.0  -4.4  -5.0  -5.3  -5.2  -5.4  -5.1  -5.1  -4.6  -3.1  -1.7  -1.2  -0.8  -0.8 -0.3
  2.80  0.7 -0.1 -0.9 -1.7  -2.8  -2.6  -3.8  -4.4  -4.8  -5.6  -6.0  -5.8  -5.9  -5.6  -5.5  -4.8  -3.1  -1.6  -1.1  -0.7  -0.7 -0.6
  2.40  0.3 -0.4 -1.2 -2.0  -3.1  -3.0  -4.3  -4.9  -5.5  -6.3  -6.7  -6.5  -6.6  -6.1  -5.9  -5.2  -3.2  -1.7  -1.2  -0.8  -0.9 -0.8
  2.00  0.0 -0.3 -1.3 -2.2  -3.3  -3.4  -4.5  -5.3  -5.9  -7.1  -7.6  -7.4  -7.4  -6.7  -6.5  -5.6  -3.3  -1.8  -1.4  -1.1  -1.2 -1.1
  1.70  0.0 -0.3 -1.3 -2.3  -3.4  -3.6  -4.6  -5.5  -6.3  -7.6  -8.1  -7.8  -7.7  -7.1  -6.7  -5.8  -3.8  -2.0  -1.7  -1.3  -1.5 -1.2
  1.50 -0.1 -0.5 -1.1 -2.2  -3.1  -3.6  -4.5  -5.5  -6.2  -7.9  -8.5  -8.1  -8.0  -7.3  -6.8  -5.9  -3.9  -2.1  -1.8  -1.5  -1.7 -1.3
  1.40  0.1 -0.4 -1.0 -2.0  -2.7  -3.7  -4.5  -5.3  -6.3  -8.0  -8.8  -8.4  -8.2  -7.5  -6.8  -6.0  -4.0  -2.1  -1.9  -1.5  -1.8 -1.3
  1.30  0.0 -0.3 -1.0 -2.0  -3.1  -3.7  -4.4  -5.4  -6.3  -8.3  -9.0  -8.5  -8.3  -7.6  -7.1  -6.2  -4.1  -2.4  -2.1  -1.7  -1.8 -1.3
  1.20  0.1 -0.1 -0.8 -2.0  -2.3  -3.5  -4.4  -5.3  -6.6  -8.4  -9.1  -8.8  -8.5  -7.7  -7.0  -6.3  -4.4  -2.5  -2.1  -1.6  -1.9 -1.3
  1.15  0.0 -0.1 -0.6 -1.7  -2.2  -3.7  -4.5  -5.3  -6.6  -8.6  -9.3  -8.8  -8.5  -7.8  -7.1  -6.2  -4.5  -2.5  -2.1  -1.7  -1.8 -1.1
  1.10  0.0 -0.1 -0.6 -1.7  -2.3  -3.9  -4.6  -5.2  -6.7  -8.9  -9.4  -8.9  -8.6  -7.9  -7.3  -6.1  -4.6  -2.6  -2.1  -1.8  -1.7 -0.9
  1.00  _________________.  -3.3  -4.7  -5.0  -5.6  -6.4  -9.1  -9.6  -9.1  -8.8  -8.0  -7.2  -6.4  -4.7  -2.5  -2.2  -1.9  -2.0 -1.0
  0.90                   !  -2.7  -4.6  -4.8  -5.6  -6.8  -9.7  -9.7  -9.7  -9.1  -8.1  -7.6  -6.7  -4.6  -2.7  -2.3  -1.8  -1.7 -0.9
  0.80                   !   0.6  -3.3  -4.0  -4.9  -6.4  -9.6 -10.3 -10.1  -9.3  -8.2  -7.8  -6.7  -4.7  -2.7  -2.3  -1.7  -1.7 -0.8
  0.70                   !   2.5   0.0  -1.7  -3.8  -5.7  -9.4 -10.4 -10.4  -9.4  -8.3  -7.9  -7.1  -4.7  -2.8  -2.1  -1.9  -1.7 -0.6
  0.60                   !   2.8   2.0   0.9  -1.5  -4.6  -9.2 -10.5 -10.4  -9.9  -8.3  -7.8  -7.0  -4.5  -2.7  -2.0  -1.6  -1.5 -0.6
  0.50                   !   2.2   2.5   2.5   0.2  -2.9  -8.1 -10.3 -10.3  -9.6  -7.9  -7.5  -6.7  -4.3  -2.6  -2.1  -1.6  -1.5 -0.5
  0.40                   !   1.4   2.4   2.8   1.3  -1.4  -6.7  -9.6  -9.4  -9.1  -7.4  -6.9  -6.2  -4.1  -2.1  -1.6  -1.5  -1.2 -0.4
  0.30                   !   0.4   2.0   2.5   1.6  -0.2  -4.6  -8.8  -8.0  -8.4  -6.5  -6.0  -5.3  -3.5  -1.9  -1.4  -1.2  -1.2 -0.5
  0.20                   !  -0.1   0.9   1.8   1.2  -0.1  -2.7  -6.3  -6.2  -6.7  -5.2  -5.0  -4.4  -3.1  -1.5  -1.2  -1.0  -1.1 -0.4
  0.15                   !  -0.4   0.4   1.6   0.8   0.0  -2.0  -5.3  -5.0  -6.0  -4.4  -4.2  -3.9  -2.7  -1.4  -1.5  -1.1  -0.9 -0.4
  0.10                   !  -0.5  -0.3   1.3   0.8  -0.3  -1.4  -4.5  -4.3  -5.2  -4.6  -4.0  -3.7  -2.9  -1.5  -1.4  -1.1  -1.2 -0.5
  0.00                   !   0.0   0.0   0.0   0.0   0.0   0.0   0.0   0.0   0.0   0.0   0.0   0.0   0.0   0.0   0.0   0.0   0.0  0.0
 
 Table 5c.     OPPOSITE WALL  PARALLEL TO STEPSIDE WALL

 ( uu / UrUr ) * 1000                  DATA FILE INDEX K= 5  L= 1

 Y/H\X/H= -4. -2. -1.   0.   1.0   1.5   2.0   2.5   3.0   4.0   5.0   5.5   6.0   6.5   7.0   8.0  10.0  12.0  14.0  16.0  20.0  32.
  8.20  1.6  2.1  1.6  2.0   1.8         1.9   2.1   2.3   2.2   2.7   2.7   2.7   2.6         2.8   3.1   3.2   3.3   3.4   3.6 
  7.50  0.4  0.7  0.4  0.6   0.4   0.4   0.3   0.4   0.3   0.3   0.4   0.4   0.4   0.4   0.5   0.4   0.4   0.5   0.6   0.6   0.8  1.2
  6.00  0.4  0.5  0.5  0.6   0.3   0.3   0.4   0.4   0.3   0.3   0.4   0.4   0.4   0.3   0.4   0.3   0.3   0.4   0.3   0.3   0.5  0.4
  5.00  0.4  0.6  0.4  0.6   0.4   0.4   0.4   0.4   0.3   0.3   0.4   0.3   0.4   0.3   0.4   0.3   0.3   0.3   0.3   0.3   0.5  0.4
  4.00  0.4  0.7  0.4  0.6   0.4   0.4   0.3   0.4   0.3   0.3   0.4   0.3   0.4   0.3   0.4   0.3   0.3   0.3   0.4   0.3   0.5  0.4
  3.60  0.4  0.6  0.4  0.6   0.4   0.4   0.4   0.4   0.3   0.4   0.4   0.3   0.4   0.4   0.4   0.3   0.3   0.4   0.4   0.3   0.6  0.4
  3.20  0.4  0.6  0.4  0.6   0.4   0.4   0.4   0.4   0.3   0.4   0.4   0.3   0.4   0.3   0.4   0.3   0.3   0.4   0.4   0.4   0.6  0.5
  2.80  0.4  0.7  0.4  0.6   0.4   0.4   0.4   0.5   0.4   0.4   0.4   0.4   0.4   0.4   0.4   0.4   0.4   0.4   0.4   0.4   0.6  0.7
  2.40  0.9  1.2  0.8  1.2   0.9   0.8   0.8   0.9   0.7   0.6   0.6   0.5   0.5   0.5   0.6   0.5   0.4   0.5   0.5   0.5   0.8  1.4
  2.00  1.8  2.2  1.8  2.1   1.8   1.7   1.7   1.8   1.5   1.5   1.4   1.3   1.3   1.2   1.2   1.0   1.0   1.0   1.0   1.2   1.9  3.0
  1.70  2.6  2.9  2.6  2.8   2.5   2.4   2.4   2.4   2.3   2.2   2.1   1.9   2.0   1.9   1.9   1.8   1.6   1.8   2.1   2.6   3.7  4.5
  1.50  3.0  3.6  3.2  3.4   3.1   3.0   2.9   3.1   2.9   2.8   2.7   2.4   2.5   2.4   2.4   2.3   2.5   3.1   3.8   4.3   5.5  5.1
  1.40  3.5  3.9  3.9  3.7   3.4   3.4   3.3   3.5   3.3   3.1   3.1   2.7   2.8   2.8   2.9   2.7   3.3   4.3   5.0   5.5   6.0  5.4
  1.30  3.8  4.4  4.2  4.2   3.9   4.0   3.7   3.9   3.9   3.8   3.6   3.0   3.4   3.3   3.3   3.4   4.2   5.4   6.0   6.3   6.8  5.6
  1.20  4.7  4.7  4.9  4.7   4.3   4.8   4.7   5.0   5.4   4.8   4.6   3.8   4.3   4.2   4.6   4.4   5.6   6.8   7.5   7.7   7.6  5.8
  1.15  5.2  4.7  5.2  5.0   4.9   6.2   6.3   7.0   7.1   6.2   5.6   4.4   5.2   5.1   5.4   5.6   6.4   7.7   8.0   8.1   7.9  5.9
  1.10  5.1  5.1  4.7  4.3   6.2   7.5   8.0   9.1   8.9   7.6   6.7   5.1   6.1   6.1   6.2   6.7   7.2   8.5   8.6   8.5   8.2  6.0
  1.00  _________________.  13.9  14.3  14.1  14.6  14.2  11.4  10.0   7.4   8.8   9.3   8.9   8.5   9.0   8.2   9.7   8.7   8.4  6.2
  0.90                   !  13.8  15.9  15.4  16.1  15.9  14.3  14.0  11.4  11.8  12.5  11.7  11.4  10.9   9.6  10.2   9.5   8.6  6.0
  0.80                   !   9.2  13.9  14.4  15.8  15.7  16.8  16.6  14.3  14.8  14.2  14.7  13.9  11.9  10.9  11.0   9.7   8.7  5.9
  0.70                   !   5.0  10.8  13.8  16.7  19.1  18.0  19.5  16.5  17.1  16.8  16.3  15.4  12.9  11.4  10.8   9.7   8.3  6.0
  0.60                   !   4.6   7.6  12.9  20.8  25.2  23.0  21.0  18.5  18.2  18.1  17.8  16.7  13.3  11.4  10.8   9.5   8.2  5.7
  0.50                   !   4.9   6.1   9.4  19.6  28.5  30.3  24.8  20.1  19.8  19.4  18.1  16.1  12.8  11.2  10.1   9.0   7.7  5.7
  0.40                   !   4.5   6.5   7.3  13.4  24.0  32.6  27.6  23.3  19.5  19.1  17.6  16.1  12.2  10.7   9.7   8.6   7.5  5.7
  0.30                   !   5.1   6.7   6.8  10.1  14.7  25.6  29.7  25.2  20.5  18.0  17.3  14.9  11.5  10.0   9.0   8.1   7.1  5.3
  0.20                   !   5.0   6.7   6.6   7.6  10.1  16.3  26.3  23.4  19.4  16.2  14.9  13.5  10.4   9.1   8.5   7.5   6.8  5.3
  0.15                   !   4.7   7.1   6.8   6.7   8.6  13.1  23.7  21.7  19.3  15.2  13.9  12.8   9.9   8.5   7.9   7.4   6.9  5.4
  0.10                   !   3.2   6.3   8.4   6.3   7.5   9.6  18.6  21.5  17.4  14.8  13.1  11.8   8.8   7.6   7.4   6.7   6.3  5.3
  0.00                   !   0.0   0.0   0.0   0.0   0.0   0.0   0.0   0.0   0.0   0.0   0.0   0.0   0.0   0.0   0.0   0.0   0.0  0.0
 
 Table 5d.     OPPOSITE WALL  PARALLEL TO STEPSIDE WALL

 ( vv / Ur*Ur ) * 1000                DATA FILE INDEX K= 6  L= 1   

 Y/H\X/H= -4. -2. -1.   0.   1.0   1.5   2.0   2.5   3.0   4.0   5.0   5.5   6.0   6.5   7.0   8.0  10.0  12.0  14.0  16.0  20.0  32.
  8.20  1.3  1.2  1.5  1.4   1.6         1.6   1.4   1.5   1.6   1.9   1.7   1.8   1.8         2.0   2.2   2.1   2.3   2.1   2.3  
  7.50  0.3  0.5  0.3  0.4   0.3   0.2   0.3   0.3   0.2   0.2   0.3   0.3   0.3   0.3   0.4   0.3   0.3   0.4   0.5   0.4   0.6  0.9
  6.00  0.3  0.4  0.4  0.4   0.3   0.2   0.3   0.3   0.2   0.2   0.3   0.3   0.3   0.2   0.3   0.2   0.2   0.2   0.3   0.2   0.3  0.3
  5.00  0.3  0.5  0.4  0.4   0.3   0.2   0.3   0.3   0.2   0.2   0.3   0.3   0.3   0.2   0.3   0.2   0.2   0.2   0.3   0.2   0.4  0.3
  4.00  0.3  0.5  0.3  0.4   0.3   0.2   0.3   0.3   0.2   0.2   0.3   0.2   0.3   0.2   0.3   0.2   0.2   0.2   0.3   0.2   0.4  0.3
  3.60  0.3  0.5  0.3  0.4   0.3   0.2   0.3   0.3   0.2   0.2   0.3   0.3   0.3   0.2   0.3   0.2   0.2   0.2   0.2   0.2   0.4  0.4
  3.20  0.3  0.4  0.3  0.4   0.3   0.3   0.3   0.3   0.2   0.2   0.3   0.3   0.3   0.2   0.3   0.2   0.3   0.2   0.3   0.3   0.4  0.5
  2.80  0.3  0.5  0.4  0.4   0.4   0.3   0.3   0.3   0.3   0.3   0.3   0.3   0.3   0.3   0.3   0.3   0.3   0.3   0.3   0.3   0.5  0.6
  2.40  0.6  0.7  0.6  0.7   0.7   0.5   0.6   0.5   0.4   0.4   0.4   0.4   0.4   0.4   0.4   0.4   0.4   0.4   0.4   0.5   0.7  1.1
  2.00  1.2  1.2  1.1  1.2   1.2   1.0   1.1   1.0   0.8   0.8   0.8   0.8   0.8   0.7   0.7   0.6   0.7   0.7   0.7   0.9   1.3  2.0
  1.70  1.6  1.6  1.5  1.5   1.6   1.4   1.5   1.4   1.3   1.2   1.2   1.3   1.2   1.1   1.2   1.1   1.0   1.2   1.4   1.6   2.2  2.9
  1.50  2.0  1.8  1.9  1.8   2.0   1.6   1.8   1.7   1.5   1.5   1.6   1.7   1.5   1.4   1.6   1.5   1.8   2.1   2.3   2.6   3.0  3.4
  1.40  2.1  1.9  1.8  1.8   2.0   1.8   2.0   1.9   1.8   1.8   1.8   2.0   1.8   1.6   2.0   1.8   2.2   2.7   2.9   3.2   3.3  3.5
  1.30  2.3  2.1  2.0  2.0   2.3   2.0   2.3   2.3   2.3   2.2   2.1   2.3   2.2   2.0   2.3   2.1   2.8   3.2   3.4   3.6   3.8  3.7
  1.20  2.2  2.3  2.1  2.1   2.5   2.3   2.9   2.8   3.1   2.8   2.9   2.7   2.7   2.7   3.1   2.9   3.5   3.9   3.9   4.3   4.2  3.8
  1.15  2.2  2.4  2.1  2.2   2.8   3.1   4.0   4.0   3.9   3.5   3.5   3.1   3.3   3.2   3.5   3.4   3.9   4.3   4.3   4.5   4.4  3.9
  1.10  2.7  2.4  3.2  3.5   3.8   3.9   5.2   5.3   4.8   4.2   4.0   3.6   3.9   3.7   4.0   4.0   4.3   4.6   4.8   4.7   4.5  4.0
  1.00  _________________.  10.4   8.0   9.2   8.3   8.0   6.3   6.1   5.1   5.5   5.5   5.4   5.1   5.3   6.8   5.4   5.2   4.7  4.1
  0.90                   !  11.7  11.2  11.4  10.6  10.2   8.2   8.3   6.8   7.5   7.1   7.2   6.5   6.4   7.7   5.8   5.7   5.1  4.1
  0.80                   !   7.4  10.5  11.6  11.8  11.6  10.9  10.5   8.7   9.5  10.5   9.3   8.3   7.7   7.9   6.4   6.0   5.1  4.0
  0.70                   !   3.4   7.5  10.4  12.0  13.3  12.9  13.1  10.9  11.9  12.6  10.7   9.4   8.4   8.4   6.8   6.0   5.0  3.8
  0.60                   !   3.0   4.7   8.6  12.3  15.2  15.7  14.9  13.2  13.7  14.1  12.4  11.0   9.0   9.0   6.7   6.2   5.1  3.9
  0.50                   !   2.9   3.4   6.3  10.4  15.4  18.1  17.1  15.2  15.7  15.5  13.5  12.1   9.1   8.6   6.7   5.9   4.8  3.6
  0.40                   !   3.7   3.1   4.9   7.8  13.2  18.7  19.6  17.2  16.4  16.4  14.5  12.4   9.0   8.1   6.4   5.5   4.6  3.3
  0.30                   !   3.5   2.8   3.9   6.2   9.7  16.0  20.3  18.7  16.8  16.2  14.3  12.1   8.3   7.4   6.1   5.0   4.1  3.3
  0.20                   !   3.3   2.3   3.4   4.7   7.1  12.8  18.0  17.3  16.3  14.1  12.6  10.4   6.9   5.9   5.1   4.3   3.5  3.0
  0.15                   !   3.2   2.3   3.3   4.1   5.9  10.0  15.4  15.0  14.9  12.6  11.1   9.2   6.1   5.3   5.6   3.7   2.9  2.9
  0.10                   !   2.9   2.7   3.9   4.2   6.1   7.6  13.0  13.2  12.7  11.3   9.9   8.2   5.6   5.9   4.1   3.7   3.0  2.9
  0.00                   !   0.0   0.0   0.0   0.0   0.0   0.0   0.0   0.0   0.0   0.0   0.0   0.0   0.0   0.0   0.0   0.0   0.0  0.0
 
 Table 5e.     OPPOSITE WALL  PARALLEL TO STEPSIDE WALL

 ( uv / Ur*Ur ) *1000             DATA FILE INDEX K= 7  L= 1  

 Y/H\X/H= -4. -2. -1.   0.   1.0   1.5   2.0   2.5   3.0   4.0   5.0   5.5   6.0   6.5   7.0   8.0  10.0  12.0  14.0  16.0  20.0  32.
  8.20  0.5  0.6  0.3  0.5   0.6         0.5   0.6   0.7   0.6   0.7   0.8   0.8   0.7         0.8   0.9   0.9   1.0   0.8   0.9 
  7.50  0.0  0.3  0.0  0.1   0.0   0.0   0.0   0.1   0.0   0.1   0.0   0.1   0.0   0.1   0.2   0.1   0.1   0.1   0.2   0.1   0.2  0.2
  6.00  0.0  0.2  0.0  0.1   0.0   0.0   0.0   0.1   0.0   0.1   0.0   0.1   0.0   0.1   0.2   0.1   0.0   0.1   0.0   0.0   0.1  0.0
  5.00  0.0  0.3  0.0  0.1   0.0   0.0   0.0   0.1   0.0   0.1   0.0   0.1   0.0   0.1   0.1   0.1   0.0   0.1   0.0   0.0   0.1  0.0
  4.00  0.0  0.3  0.0  0.1   0.0   0.0   0.0   0.1   0.0   0.1   0.0   0.1   0.0   0.1   0.1   0.1   0.0   0.0   0.1   0.0   0.1  0.0
  3.60  0.0  0.3  0.0  0.1   0.0   0.0   0.0   0.0   0.0   0.1   0.0   0.1   0.0   0.1   0.1   0.1   0.0   0.1   0.1   0.0   0.1  0.0
  3.20  0.0  0.2  0.0  0.1   0.0   0.0   0.0   0.1   0.1   0.1   0.0   0.1   0.0   0.1   0.1   0.1   0.0   0.0   0.1   0.0   0.1  0.0
  2.80  0.0  0.2  0.0  0.1   0.0   0.0  -0.1   0.1   0.0   0.1   0.0   0.1   0.0   0.1   0.1   0.1   0.0   0.1   0.1   0.0   0.1 -0.1
  2.40 -0.1  0.1 -0.1 -0.1  -0.1  -0.1  -0.2   0.0   0.0   0.0   0.0   0.1   0.0   0.0   0.1   0.1   0.0   0.0   0.0   0.0   0.0 -0.4
  2.00 -0.4 -0.3 -0.4 -0.4  -0.4  -0.4  -0.4  -0.3  -0.3  -0.2  -0.2  -0.1  -0.2  -0.1  -0.1  -0.1  -0.1  -0.1  -0.1  -0.2  -0.4 -0.8
  1.70 -0.7 -0.5 -0.7 -0.7  -0.6  -0.6  -0.6  -0.5  -0.5  -0.4  -0.4  -0.3  -0.4  -0.3  -0.3  -0.3  -0.3  -0.4  -0.5  -0.7  -0.9 -1.4
  1.50 -0.9 -0.8 -0.9 -0.9  -0.8  -0.7  -0.7  -0.7  -0.7  -0.5  -0.6  -0.5  -0.6  -0.5  -0.5  -0.5  -0.7  -1.0  -1.1  -1.3  -1.6 -1.7
  1.40 -1.0 -0.8 -1.0 -0.9  -0.8  -0.8  -0.9  -0.8  -0.7  -0.7  -0.7  -0.6  -0.6  -0.6  -0.6  -0.6  -1.0  -1.5  -1.5  -1.7  -1.7 -1.8
  1.30 -1.1 -0.9 -1.0 -1.0  -1.0  -1.0  -0.9  -1.0  -1.0  -0.9  -0.8  -0.6  -0.8  -0.7  -0.8  -0.9  -1.3  -1.7  -1.8  -1.9  -2.0 -1.8
  1.20 -1.1 -0.9 -1.2 -1.1  -1.0  -1.1  -1.2  -1.1  -1.4  -1.2  -1.3  -0.8  -1.2  -1.0  -1.3  -1.3  -1.7  -2.3  -2.4  -2.4  -2.2 -1.9
  1.15 -1.0 -0.9 -1.1 -1.2  -1.2  -1.6  -1.9  -2.0  -1.9  -1.6  -1.6  -1.1  -1.5  -1.4  -1.6  -1.6  -2.0  -2.5  -2.5  -2.6  -2.3 -1.9
  1.10 -1.0 -1.0 -1.1 -1.3  -1.5  -2.0  -2.6  -2.8  -2.4  -2.1  -1.8  -1.3  -1.7  -1.8  -1.9  -2.0  -2.3  -2.8  -2.7  -2.7  -2.4 -1.9
  1.00  _________________.  -5.8  -4.7  -5.2  -4.9  -4.8  -3.4  -3.0  -2.0  -2.8  -2.8  -2.7  -2.8  -2.9  -3.1  -3.2  -2.7  -2.4 -2.0
  0.90                   !  -7.0  -6.9  -6.8  -6.3  -6.0  -4.5  -4.9  -3.3  -3.8  -3.8  -3.7  -3.9  -3.7  -3.6  -3.3  -3.1  -2.6 -1.9
  0.80                   !  -3.7  -6.1  -6.7  -6.7  -6.3  -5.9  -5.8  -4.5  -5.0  -5.2  -5.2  -4.7  -4.3  -3.9  -3.5  -3.1  -2.5 -1.7
  0.70                   !  -0.9  -3.9  -5.8  -6.9  -7.9  -6.9  -7.2  -5.4  -6.5  -6.7  -6.0  -5.5  -4.6  -4.1  -3.4  -2.9  -2.2 -1.7
  0.60                   !  -0.7  -1.9  -4.5  -7.3  -9.4  -8.9  -8.2  -7.2  -7.3  -7.5  -6.8  -6.2  -4.6  -3.9  -3.3  -2.8  -2.1 -1.6
  0.50                   !  -0.6  -1.2  -2.3  -6.1 -10.1 -11.0  -9.2  -7.6  -8.2  -8.3  -7.3  -6.5  -4.5  -3.7  -2.9  -2.5  -1.9 -1.5
  0.40                   !  -0.4  -0.8  -1.4  -3.4  -8.4 -11.9 -10.4  -8.8  -8.2  -8.2  -7.4  -6.5  -4.2  -3.1  -2.5  -2.2  -1.6 -1.3
  0.30                   !  -0.1  -0.8  -1.0  -2.2  -5.0  -9.8 -11.4  -9.9  -7.8  -7.3  -6.8  -5.7  -3.4  -2.7  -1.8  -1.7  -1.3 -1.2
  0.20                   !   0.2  -0.6  -0.6  -1.2  -2.9  -6.2  -9.4  -7.9  -6.7  -5.3  -4.7  -4.3  -2.3  -1.9  -1.3  -1.3  -1.1 -1.0
  0.15                   !   0.5  -0.3  -0.2  -0.7  -1.9  -4.4  -7.0  -6.5  -5.4  -3.7  -3.6  -3.3  -1.8  -1.3  -0.9  -1.0  -1.0 -1.0
  0.10                   !  -0.7  -0.3   0.5  -0.5  -1.7  -2.6  -6.0  -5.7  -4.1  -2.8  -2.4  -2.4  -1.4  -1.0  -0.9  -0.9  -0.9 -0.9
  0.00                   !   0.0   0.0   0.0   0.0   0.0   0.0   0.0   0.0   0.0   0.0   0.0   0.0   0.0   0.0   0.0   0.0   0.0  0.0
 
 Table 5f.     OPPOSITE WALL  PARALLEL TO STEPSIDE WALL

 ( uuu / Ur*Ur*Ur ) * 1000   DATA FILE INDEX K= 8  L= 1

 Y/H\X/H= -4. -2. -1.   0.   1.0   1.5   2.0   2.5   3.0   4.0   5.0   5.5   6.0   6.5   7.0   8.0  10.0  12.0  14.0  16.0  20.0  32.
  8.20-0.03-0.04-0.02-0.04 -0.03  0.00 -0.03 -0.05 -0.05 -0.04 -0.05 -0.06 -0.05 -0.05  0.00 -0.05 -0.05 -0.06 -0.04 -0.05 -0.06 0.00
  7.50 0.00 0.00 0.00 0.00  0.00  0.00  0.00  0.00  0.00  0.00  0.00  0.00  0.00  0.00  0.00  0.00  0.00  0.00  0.00 -0.01 -0.01-0.03
  6.00 0.00 0.00 0.00 0.00  0.00  0.00  0.00  0.00  0.00  0.00  0.00  0.00  0.00  0.00  0.00  0.00  0.00  0.00  0.00  0.00  0.00 0.00
  5.00 0.00 0.00 0.00 0.00  0.00  0.00  0.00  0.00  0.00  0.00  0.00  0.00  0.00  0.00  0.00  0.00  0.00  0.00  0.00  0.00  0.00 0.00
  4.00 0.00 0.00 0.00 0.01  0.00  0.00  0.00  0.00  0.00  0.00  0.00  0.00  0.00  0.00  0.00  0.00  0.00  0.00  0.00  0.00  0.00 0.00
  3.60 0.00 0.00 0.00 0.00  0.00  0.00  0.00  0.00  0.00  0.00  0.00  0.00  0.00  0.00  0.00  0.00  0.00  0.00  0.00  0.00  0.00 0.00
  3.20 0.00 0.00 0.00 0.00  0.00  0.00  0.00  0.00  0.00  0.00  0.00  0.00  0.00  0.00  0.00  0.00  0.00  0.00  0.00  0.00  0.00 0.00
  2.80 0.00 0.00 0.00 0.00  0.00  0.00  0.00  0.00  0.00  0.00  0.00  0.00  0.00  0.00  0.00  0.00  0.00  0.00  0.00  0.00  0.01 0.00
  2.40-0.01-0.02-0.01-0.01 -0.01 -0.01 -0.01 -0.01 -0.01 -0.01  0.00 -0.01  0.00  0.00  0.00  0.00  0.00  0.00  0.00  0.00  0.00-0.07
  2.00-0.02-0.02-0.02-0.03 -0.02 -0.03 -0.02 -0.03 -0.02 -0.02 -0.03 -0.02 -0.02 -0.02 -0.02 -0.02 -0.01 -0.01 -0.01 -0.03 -0.09-0.19
  1.70-0.02-0.03-0.03-0.03 -0.02 -0.02 -0.03 -0.03 -0.03 -0.03 -0.03 -0.03 -0.03 -0.03 -0.03 -0.03 -0.03 -0.04 -0.09 -0.15 -0.28-0.24
  1.50-0.02-0.03-0.03-0.04 -0.03 -0.04 -0.03 -0.03 -0.03 -0.03 -0.03 -0.02 -0.03 -0.04 -0.03 -0.03 -0.08 -0.18 -0.33 -0.34 -0.44-0.21
  1.40-0.02-0.03-0.05-0.04 -0.03 -0.03 -0.04 -0.04 -0.02 -0.03 -0.04 -0.02 -0.03 -0.04 -0.05 -0.04 -0.16 -0.36 -0.49 -0.46 -0.41-0.17
  1.30-0.04-0.04-0.04-0.03 -0.02 -0.03 -0.02 -0.03 -0.04 -0.04 -0.04 -0.03 -0.05 -0.04 -0.05 -0.07 -0.29 -0.52 -0.51 -0.50 -0.42-0.15
  1.20-0.04-0.03-0.04-0.03 -0.02 -0.03 -0.05 -0.08 -0.14 -0.08 -0.13 -0.06 -0.15 -0.10 -0.22 -0.24 -0.50 -0.66 -0.68 -0.57 -0.40-0.14
  1.15-0.03-0.02-0.04-0.03 -0.01 -0.15 -0.20 -0.27 -0.29 -0.22 -0.29 -0.11 -0.26 -0.26 -0.34 -0.42 -0.58 -0.74 -0.67 -0.57 -0.38-0.12
  1.10-0.02-0.02-0.03-0.01 -0.12 -0.27 -0.35 -0.46 -0.44 -0.36 -0.45 -0.16 -0.38 -0.41 -0.46 -0.60 -0.66 -0.82 -0.66 -0.57 -0.37-0.10
  1.00 __________________. -0.42 -0.43 -0.55 -0.57 -0.73 -0.67 -0.74 -0.34 -0.76 -0.90 -0.81 -0.78 -0.85 -0.56 -0.64 -0.43 -0.28-0.08
  0.90                   !  0.12 -0.08 -0.12 -0.12 -0.26 -0.51 -1.06 -0.65 -1.00 -1.21 -1.12 -1.17 -0.87 -0.60 -0.47 -0.38 -0.21-0.05
  0.80                   !  0.26  0.01  0.02 -0.15 -0.10 -0.36 -0.95 -0.73 -1.02 -1.06 -1.24 -1.21 -0.72 -0.49 -0.42 -0.25 -0.14-0.02
  0.70                   ! -0.04  0.10 -0.19 -0.60 -0.91 -0.50 -1.13 -0.66 -1.03 -1.05 -1.12 -1.00 -0.56 -0.38 -0.29 -0.19 -0.06 0.01
  0.60                   ! -0.06 -0.02  0.07 -0.64 -1.90 -1.93 -1.31 -0.75 -0.88 -0.84 -0.84 -0.82 -0.35 -0.21 -0.14 -0.07 -0.02 0.03
  0.50                   ! -0.05 -0.07  0.06  0.26 -0.48 -2.63 -1.86 -0.89 -0.90 -0.74 -0.47 -0.40 -0.11 -0.03  0.00 -0.04  0.04 0.05
  0.40                   ! -0.03 -0.04  0.01  0.45  1.49 -0.48 -1.69 -1.14 -0.67 -0.29 -0.25 -0.11  0.07  0.05  0.10  0.08  0.07 0.02
  0.30                   ! -0.03  0.00  0.05  0.33  1.04  1.60 -0.46 -0.84 -0.54 -0.14 -0.04  0.19  0.12  0.14  0.09  0.11  0.09 0.03
  0.20                   ! -0.04  0.00  0.08  0.17  0.53  1.34  1.00 -0.06 -0.22  0.17  0.13  0.31  0.22  0.15  0.13  0.09  0.08 0.02
  0.15                   ! -0.05  0.01  0.07  0.10  0.31  1.03  1.40  0.42  0.00  0.17  0.30  0.27  0.26  0.19  0.13  0.12  0.09 0.02
  0.10                   !  0.00  0.01  0.04  0.07  0.23  0.42  1.25  0.72  0.00  0.25  0.18  0.37  0.20  0.14  0.15  0.12  0.09 0.02
  0.00                   !  0.00  0.00  0.00  0.00  0.00  0.00  0.00  0.00  0.00  0.00  0.00  0.00  0.00  0.00  0.00  0.00  0.00 0.00
 
 Table 5g.     OPPOSITE WALL  PARALLEL TO STEPSIDE WALL

 ( vvv / Ur*Ur*Ur ) * 1000   DATA FILE INDEX K= 9  L= 1 

 Y/H\X/H= -4. -2. -1.   0.   1.0   1.5   2.0   2.5   3.0   4.0   5.0   5.5   6.0   6.5   7.0   8.0  10.0  12.0  14.0  16.0  20.0  32.
  8.20-0.01-0.01-0.01-0.01 -0.01       -0.01 -0.01 -0.02 -0.01 -0.02 -0.02 -0.01 -0.02       -0.02 -0.02 -0.01 -0.01 -0.02 -0.02 
  7.50 0.00 0.00 0.00 0.00  0.00  0.00  0.00  0.00  0.00  0.00  0.00  0.00  0.00  0.00  0.00  0.00  0.00  0.00  0.00  0.00  0.00-0.01
  6.00 0.00 0.00 0.00 0.00  0.00  0.00  0.00  0.00  0.00  0.00  0.00  0.00  0.00  0.00  0.00  0.00  0.00  0.00  0.00  0.00  0.00 0.00
  5.00 0.00 0.00 0.00 0.00  0.00  0.00  0.00  0.00  0.00  0.00  0.00  0.00  0.00  0.00  0.00  0.00  0.00  0.00  0.00  0.00  0.00 0.00
  4.00 0.00 0.00 0.00 0.00  0.00  0.00  0.00  0.00  0.00  0.00  0.00  0.00  0.00  0.00  0.00  0.00  0.00  0.00  0.00  0.00  0.00 0.00
  3.60 0.00 0.00 0.00 0.00  0.00  0.00  0.00  0.00  0.00  0.00  0.00  0.00  0.00  0.00  0.00  0.00  0.00  0.00  0.00  0.00  0.00 0.00
  3.20 0.00 0.00 0.00 0.00  0.00  0.00  0.00  0.00  0.00  0.00  0.00  0.00  0.00  0.00  0.00  0.00  0.00  0.00  0.00  0.00  0.00 0.00
  2.80 0.00 0.00 0.00 0.00  0.00  0.00  0.00  0.00  0.00  0.00  0.00  0.00  0.00  0.00  0.00  0.00  0.00  0.00  0.00  0.00  0.00 0.00
  2.40 0.00 0.01 0.00 0.00  0.00  0.00  0.00  0.00  0.00  0.00  0.00  0.00  0.00  0.00  0.00  0.00  0.00  0.00  0.00  0.00  0.01 0.03
  2.00 0.01 0.01 0.01 0.01  0.01  0.01  0.01  0.01  0.01  0.01  0.01  0.01  0.00  0.01  0.01  0.01  0.01  0.01  0.01  0.02  0.03 0.06
  1.70 0.01 0.02 0.01 0.01  0.01  0.01  0.01  0.01  0.01  0.01  0.01  0.01  0.01  0.01  0.02  0.01  0.01  0.03  0.04  0.06  0.09 0.09
  1.50 0.01 0.01 0.01 0.01  0.01  0.01  0.01  0.01  0.01  0.01  0.02  0.02  0.01  0.02  0.03  0.03  0.06  0.11  0.12  0.11  0.13 0.09
  1.40 0.01 0.01 0.01 0.01  0.02  0.01  0.02  0.01  0.01  0.02  0.03  0.02  0.02  0.02  0.04  0.04  0.10  0.16  0.15  0.16  0.14 0.09
  1.30 0.01 0.02 0.01 0.01  0.02  0.02  0.02  0.03  0.03  0.03  0.03  0.02  0.04  0.04  0.05  0.05  0.14  0.17  0.18  0.16  0.16 0.08
  1.20 0.02 0.01 0.01 0.01  0.02  0.03  0.04  0.05  0.07  0.07  0.10  0.03  0.08  0.08  0.13  0.13  0.17  0.24  0.21  0.20  0.15 0.08
  1.15 0.02 0.01 0.01 0.02  0.03  0.08  0.11  0.13  0.12  0.11  0.15  0.06  0.13  0.13  0.17  0.18  0.20  0.26  0.22  0.19  0.14 0.07
  1.10 0.02 0.02 0.02 0.01  0.06  0.14  0.19  0.21  0.17  0.15  0.20  0.08  0.18  0.19  0.20  0.23  0.23  0.28  0.23  0.18  0.13 0.06
  1.00 __________________.  0.23  0.21  0.27  0.30  0.36  0.25  0.39  0.15  0.29  0.43  0.30  0.31  0.29  0.31  0.27  0.17  0.12 0.04
  0.90                   ! -0.10  0.00  0.12  0.24  0.26  0.30  0.51  0.26  0.40  0.53  0.45  0.45  0.33  0.32  0.22  0.18  0.09 0.04
  0.80                   ! -0.22 -0.19 -0.09  0.15  0.18  0.38  0.61  0.38  0.55  0.67  0.63  0.55  0.39  0.27  0.20  0.13  0.07 0.03
  0.70                   !  0.00 -0.24 -0.11 -0.01  0.22  0.40  0.72  0.46  0.72  0.79  0.63  0.52  0.30  0.23  0.14  0.12  0.03 0.01
  0.60                   !  0.02 -0.08 -0.20 -0.14  0.17  0.68  0.77  0.69  0.64  0.65  0.60  0.49  0.24  0.19  0.09  0.07  0.02 0.00
  0.50                   !  0.02  0.00 -0.07 -0.28 -0.12  0.59  0.75  0.62  0.68  0.55  0.49  0.38  0.15  0.09  0.04  0.02 -0.01-0.01
  0.40                   !  0.03  0.00 -0.01 -0.23 -0.39  0.21  0.68  0.67  0.55  0.33  0.29  0.19  0.05  0.02  0.01 -0.02  0.00 0.00
  0.30                   !  0.01  0.00 -0.03 -0.19 -0.37 -0.43  0.33  0.43  0.32  0.09  0.13  0.08 -0.04 -0.03 -0.04 -0.04 -0.03 0.00
  0.20                   !  0.00  0.00 -0.02 -0.10 -0.27 -0.53 -0.30 -0.12  0.06 -0.11 -0.17 -0.15 -0.10 -0.05 -0.03 -0.05 -0.02 0.01
  0.15                   !  0.01  0.00 -0.01 -0.07 -0.21 -0.49 -0.38 -0.18 -0.13 -0.15 -0.18 -0.20 -0.11 -0.04 -0.03 -0.01 -0.02 0.01
  0.10                   !  0.02 -0.01 -0.02 -0.04 -0.14 -0.24 -0.42 -0.37 -0.20 -0.16 -0.14 -0.12 -0.05 -0.04 -0.02  0.00  0.00 0.01
  0.00                   !  0.00  0.00  0.00  0.00  0.00  0.00  0.00  0.00  0.00  0.00  0.00  0.00  0.00  0.00  0.00  0.00  0.00 0.00
 
 Table 5h.     OPPOSITE WALL  PARALLEL TO STEPSIDE WALL

 ( vuu / Ur*Ur*Ur ) * 1000   DATA FILE INDEX K=10  L= 1

 Y/H\X/H= -4. -2. -1.   0.   1.0   1.5   2.0   2.5   3.0   4.0   5.0   5.5   6.0   6.5   7.0   8.0  10.0  12.0  14.0  16.0  20.0  32.
  8.20-0.01-0.01-0.01-0.02 -0.02       -0.02 -0.01 -0.02 -0.02 -0.02 -0.02 -0.02 -0.02       -0.02 -0.02 -0.02 -0.02 -0.03 -0.03 
  7.50 0.00 0.00 0.00 0.00  0.00  0.00  0.00  0.00  0.00  0.00  0.00  0.00  0.00  0.00  0.00  0.00  0.00  0.00  0.00  0.00  0.00-0.01
  6.00 0.00 0.00 0.00 0.00  0.00  0.00  0.00  0.00  0.00  0.00  0.00  0.00  0.00  0.00  0.00  0.00  0.00  0.00  0.00  0.00  0.00 0.00
  5.00 0.00 0.00 0.00 0.00  0.00  0.00  0.00  0.00  0.00  0.00  0.00  0.00  0.00  0.00  0.00  0.00  0.00  0.00  0.00  0.00  0.00 0.00
  4.00 0.00 0.00 0.00 0.00  0.00  0.00  0.00  0.00  0.00  0.00  0.00  0.00  0.00  0.00  0.00  0.00  0.00  0.00  0.00  0.00  0.00 0.00
  3.60 0.00 0.00 0.00 0.00  0.00  0.00  0.00  0.00  0.00  0.00  0.00  0.00  0.00  0.00  0.00  0.00  0.00  0.00  0.00  0.00  0.00 0.00
  3.20 0.00 0.00 0.00 0.00  0.00  0.00  0.00  0.00  0.00  0.00  0.00  0.00  0.00  0.00  0.00  0.00  0.00  0.00  0.00  0.00  0.00 0.00
  2.80 0.00 0.00 0.00 0.00  0.00  0.00  0.00  0.00  0.00  0.00  0.00  0.00  0.00  0.00  0.00  0.00  0.00  0.00  0.00  0.00  0.00 0.00
  2.40 0.00 0.01 0.00 0.00  0.00  0.00  0.00  0.00  0.00  0.00  0.00  0.00  0.00  0.00  0.00  0.00  0.00  0.00  0.00  0.00  0.00 0.04
  2.00 0.01 0.01 0.01 0.01  0.01  0.01  0.01  0.01  0.01  0.01  0.01  0.01  0.01  0.01  0.01  0.01  0.01  0.01  0.01  0.02  0.04 0.08
  1.70 0.01 0.01 0.01 0.01  0.01  0.01  0.01  0.01  0.01  0.01  0.01  0.01  0.01  0.01  0.01  0.01  0.01  0.02  0.04  0.06  0.11 0.11
  1.50 0.01 0.01 0.01 0.02  0.01  0.01  0.01  0.01  0.01  0.01  0.02  0.01  0.01  0.02  0.02  0.02  0.05  0.11  0.14  0.13  0.17 0.10
  1.40 0.00 0.01 0.02 0.02  0.01  0.01  0.02  0.02  0.01  0.01  0.02  0.01  0.02  0.02  0.03  0.03  0.08  0.18  0.18  0.19  0.16 0.09
  1.30 0.02 0.01 0.02 0.02  0.01  0.01  0.01  0.02  0.02  0.02  0.02  0.02  0.02  0.03  0.03  0.04  0.15  0.20  0.21  0.20  0.17 0.07
  1.20 0.02 0.01 0.01 0.02  0.01  0.02  0.02  0.04  0.06  0.05  0.07  0.03  0.08  0.05  0.13  0.12  0.20  0.30  0.27  0.22  0.15 0.06
  1.15 0.01 0.01 0.02 0.02  0.01  0.07  0.10  0.12  0.12  0.10  0.13  0.06  0.14  0.11  0.17  0.19  0.23  0.32  0.26  0.22  0.15 0.06
  1.10 0.01 0.01 0.02 0.01  0.04  0.12  0.17  0.20  0.18  0.15  0.19  0.08  0.19  0.18  0.22  0.26  0.27  0.34  0.25  0.23  0.15 0.05
  1.00 __________________.  0.29  0.17  0.33  0.32  0.37  0.28  0.33  0.15  0.35  0.43  0.34  0.36  0.37  0.32  0.25  0.17  0.11 0.04
  0.90                   ! -0.06  0.10  0.13  0.17  0.20  0.24  0.56  0.27  0.50  0.56  0.50  0.55  0.39  0.32  0.19  0.16  0.08 0.03
  0.80                   ! -0.27 -0.02 -0.01  0.14  0.15  0.31  0.60  0.39  0.61  0.72  0.69  0.62  0.36  0.25  0.17  0.12  0.06 0.01
  0.70                   ! -0.01 -0.16 -0.04  0.19  0.49  0.37  0.69  0.42  0.72  0.72  0.67  0.55  0.31  0.24  0.11  0.08  0.03 0.00
  0.60                   !  0.03 -0.05 -0.16  0.05  0.71  0.93  0.73  0.64  0.64  0.67  0.58  0.51  0.21  0.13  0.07  0.03  0.00-0.01
  0.50                   !  0.03  0.01 -0.09 -0.25  0.14  1.17  0.97  0.59  0.70  0.58  0.45  0.36  0.10  0.06  0.00  0.02 -0.02-0.01
  0.40                   !  0.03  0.00 -0.03 -0.26 -0.63  0.34  0.90  0.70  0.49  0.31  0.23  0.22  0.01  0.01 -0.01 -0.01 -0.01 0.01
  0.30                   !  0.03  0.00 -0.01 -0.14 -0.49 -0.56  0.46  0.48  0.33  0.13  0.07  0.03 -0.02 -0.02 -0.02 -0.01 -0.01 0.00
  0.20                   !  0.02  0.00 -0.01 -0.10 -0.28 -0.64 -0.39  0.07  0.13 -0.14 -0.02 -0.07 -0.02 -0.03 -0.02 -0.01  0.00 0.01
  0.15                   !  0.01  0.00 -0.02 -0.06 -0.18 -0.51 -0.37 -0.11  0.01 -0.09 -0.05 -0.05 -0.03 -0.01 -0.01  0.00  0.01 0.01
  0.10                   !  0.01  0.02 -0.01 -0.04 -0.17 -0.26 -0.47 -0.24 -0.01 -0.06 -0.07 -0.06 -0.03  0.00  0.00  0.00  0.01 0.01
  0.00                   !  0.00  0.00  0.00  0.00  0.00  0.00  0.00  0.00  0.00  0.00  0.00  0.00  0.00  0.00  0.00  0.00  0.00 0.00
 
 Table 5i.     OPPOSITE WALL  PARALLEL TO STEPSIDE WALL

 ( uvv / Ur*Ur*Ur ) * 1000   DATA FILE INDEX K=11  L= 1 

 Y/H\X/H= -4. -2. -1.   0.   1.0   1.5   2.0   2.5   3.0   4.0   5.0   5.5   6.0   6.5   7.0   8.0  10.0  12.0  14.0  16.0  20.0  32.
  8.20-0.02-0.01-0.02-0.02 -0.02       -0.02 -0.02 -0.02 -0.02 -0.02 -0.02 -0.02 -0.03       -0.02 -0.02 -0.02 -0.02 -0.02 -0.02 
  7.50 0.00 0.00 0.00 0.00  0.00  0.00  0.00  0.00  0.00  0.00  0.00  0.00  0.00  0.00  0.00  0.00  0.00  0.00  0.00  0.00  0.00-0.01
  6.00 0.00 0.00 0.00 0.00  0.00  0.00  0.00  0.00  0.00  0.00  0.00  0.00  0.00  0.00  0.00  0.00  0.00  0.00  0.00  0.00  0.00 0.00
  5.00 0.00 0.00 0.00 0.00  0.00  0.00  0.00  0.00  0.00  0.00  0.00  0.00  0.00  0.00  0.00  0.00  0.00  0.00  0.00  0.00  0.00 0.00
  4.00 0.00 0.00 0.00 0.00  0.00  0.00  0.00  0.00  0.00  0.00  0.00  0.00  0.00  0.00  0.00  0.00  0.00  0.00  0.00  0.00  0.00 0.00
  3.60 0.00 0.00 0.00 0.00  0.00  0.00  0.00  0.00  0.00  0.00  0.00  0.00  0.00  0.00  0.00  0.00  0.00  0.00  0.00  0.00  0.00 0.00
  3.20 0.00 0.00 0.00 0.00  0.00  0.00  0.00  0.00  0.00  0.00  0.00  0.00  0.00  0.00  0.00  0.00  0.00  0.00  0.00  0.00  0.00 0.00
  2.80 0.00 0.00 0.00 0.00  0.00  0.00  0.00  0.00  0.00  0.00  0.00  0.00  0.00  0.00  0.00  0.00  0.00  0.00  0.00  0.00  0.00 0.00
  2.40-0.01-0.01 0.00 0.00  0.00  0.00  0.00  0.00  0.00  0.00  0.00  0.00  0.00  0.00  0.00  0.00  0.00  0.00  0.00  0.00  0.00-0.03
  2.00-0.01-0.01-0.01-0.01 -0.01 -0.01 -0.01 -0.01 -0.01 -0.01 -0.01 -0.01 -0.01  0.00 -0.01  0.00  0.00  0.00  0.00 -0.01 -0.03-0.08
  1.70-0.01-0.01-0.01-0.01 -0.01 -0.01 -0.01 -0.01 -0.01 -0.01 -0.01 -0.01 -0.01 -0.01 -0.01 -0.01 -0.01 -0.02 -0.04 -0.05 -0.09-0.11
  1.50-0.01-0.01-0.01-0.01 -0.01 -0.01 -0.01 -0.01 -0.01 -0.01 -0.01 -0.01 -0.01 -0.01 -0.01 -0.01 -0.05 -0.09 -0.11 -0.13 -0.15-0.11
  1.40 0.00-0.01-0.01-0.01 -0.01 -0.01 -0.01 -0.01 -0.01 -0.01 -0.02 -0.01 -0.01 -0.01 -0.02 -0.02 -0.08 -0.16 -0.16 -0.18 -0.15-0.10
  1.30-0.02-0.01-0.01-0.01 -0.01 -0.01 -0.01 -0.02 -0.02 -0.02 -0.02 -0.01 -0.02 -0.02 -0.03 -0.03 -0.13 -0.19 -0.20 -0.19 -0.16-0.09
  1.20-0.01-0.01-0.01-0.01 -0.01 -0.01 -0.02 -0.03 -0.05 -0.04 -0.07 -0.03 -0.07 -0.04 -0.11 -0.10 -0.20 -0.26 -0.23 -0.22 -0.16-0.07
  1.15-0.01-0.01-0.01-0.02 -0.02 -0.06 -0.10 -0.11 -0.11 -0.09 -0.12 -0.05 -0.12 -0.11 -0.16 -0.17 -0.23 -0.28 -0.24 -0.22 -0.15-0.06
  1.10-0.01-0.01-0.01-0.01 -0.05 -0.10 -0.19 -0.20 -0.17 -0.14 -0.17 -0.08 -0.17 -0.19 -0.21 -0.24 -0.25 -0.30 -0.25 -0.21 -0.14-0.05
  1.00 __________________. -0.27 -0.19 -0.33 -0.33 -0.35 -0.27 -0.33 -0.16 -0.34 -0.39 -0.31 -0.35 -0.35 -0.38 -0.25 -0.19 -0.12-0.04
  0.90                   !  0.09 -0.07 -0.11 -0.21 -0.22 -0.29 -0.52 -0.29 -0.47 -0.52 -0.50 -0.53 -0.38 -0.41 -0.21 -0.17 -0.09-0.03
  0.80                   !  0.22  0.04  0.03 -0.15 -0.20 -0.33 -0.63 -0.38 -0.58 -0.74 -0.70 -0.59 -0.40 -0.30 -0.19 -0.14 -0.06-0.02
  0.70                   ! -0.02  0.16  0.01 -0.17 -0.41 -0.42 -0.73 -0.46 -0.74 -0.76 -0.64 -0.56 -0.31 -0.27 -0.13 -0.09 -0.03 0.00
  0.60                   ! -0.02  0.04  0.13 -0.06 -0.53 -0.90 -0.78 -0.66 -0.68 -0.69 -0.58 -0.53 -0.26 -0.15 -0.08 -0.05 -0.01 0.01
  0.50                   ! -0.02 -0.01  0.06  0.21 -0.09 -0.88 -0.96 -0.67 -0.76 -0.58 -0.46 -0.39 -0.13 -0.07 -0.01 -0.01  0.01 0.02
  0.40                   ! -0.02 -0.02  0.00  0.20  0.43 -0.27 -0.80 -0.75 -0.57 -0.38 -0.30 -0.22 -0.04  0.00  0.02  0.02  0.02 0.01
  0.30                   ! -0.02 -0.01  0.02  0.13  0.36  0.46 -0.38 -0.46 -0.42 -0.12 -0.15 -0.03  0.05  0.06  0.04  0.03  0.03 0.01
  0.20                   ! -0.01 -0.01  0.01  0.07  0.23  0.55  0.37  0.00 -0.17  0.07  0.04  0.09  0.08  0.07  0.05  0.04  0.01 0.00
  0.15                   ! -0.01 -0.01  0.00  0.05  0.16  0.46  0.42  0.16  0.02  0.12  0.11  0.11  0.07  0.07  0.05  0.03  0.01 0.00
  0.10                   ! -0.03 -0.01  0.00  0.05  0.16  0.24  0.53  0.30  0.06  0.11  0.08  0.12  0.07  0.06  0.03  0.03  0.01 0.01
  0.00                   !  0.00  0.00  0.00  0.00  0.00  0.00  0.00  0.00  0.00  0.00  0.00  0.00  0.00  0.00  0.00  0.00  0.00 0.00
 
 Table 6a.     OPPOSITE WALL  DIVERGING BY 6 DEGREES

 U / Ur             DATA FILE INDEX K= 3  L= 1

 Y/H\X/H= -4. -2. -1.   0.   1.0   1.5   2.0   3.0   4.0   5.0   6.0   7.1   7.6   8.1   8.6   9.1  10.0  12.0  14.0  16.0  20.0  32.
  8.00     1.0061.0151.018       1.002 0.991       0.963 0.951 0.936 0.939 0.929 0.924 0.919 0.907 0.896 0.879 0.862 0.845 0.8240.772
  6.001.0021.0051.0031.001 0.996 0.994 0.984 0.978 0.966 0.953 0.938 0.936 0.928 0.924 0.919 0.907 0.896 0.876 0.863 0.844 0.8230.771
  5.001.0021.000 .998 .995 0.993 0.989 0.983 0.978 0.965 0.952 0.939 0.936 0.927 0.923 0.918 0.905 0.894 0.875 0.860 0.842 0.8220.771
  4.001.000 .996 .995 .992 0.992 0.992 0.984 0.982 0.967 0.954 0.939 0.935 0.927 0.922 0.917 0.904 0.892 0.875 0.858 0.841 0.8210.761
  3.601.000 .996 .994 .992 0.992 0.991 0.983 0.981 0.968 0.956 0.940 0.935 0.927 0.921 0.916 0.903 0.890 0.875 0.857 0.842 0.8200.746
  3.20 .999 .995 .994 .992 0.993 0.992 0.984 0.984 0.970 0.956 0.940 0.935 0.925 0.921 0.915 0.902 0.889 0.872 0.856 0.840 0.8160.715
  2.80 .998 .994 .992 .991 0.991 0.991 0.985 0.982 0.971 0.956 0.939 0.933 0.924 0.918 0.911 0.897 0.884 0.866 0.848 0.830 0.7950.668
  2.40 .990 .984 .980 .977 0.977 0.976 0.972 0.965 0.954 0.938 0.919 0.913 0.903 0.895 0.885 0.875 0.858 0.839 0.815 0.794 0.7430.614
  2.00 .943 .932 .931 .925 0.922 0.920 0.917 0.912 0.901 0.885 0.864 0.859 0.847 0.840 0.828 0.819 0.802 0.782 0.753 0.725 0.6720.560
  1.70 .882 .871 .870 .863 0.864 0.860 0.860 0.856 0.842 0.828 0.806 0.799 0.785 0.778 0.763 0.752 0.734 0.713 0.684 0.655 0.6090.516
  1.50 .831 .816 .819 .811 0.812 0.809 0.807 0.805 0.791 0.777 0.749 0.739 0.729 0.719 0.703 0.693 0.675 0.665 0.629 0.606 0.5690.487
  1.40 .803 .791 .789 .780 0.781 0.778 0.773 0.769 0.754 0.737 0.712 0.702 0.693 0.681 0.665 0.660 0.638 0.628 0.603 0.579 0.5480.475
  1.30 .768 .756 .754 .743 0.751 0.745 0.734 0.723 0.707 0.690 0.664 0.656 0.646 0.638 0.627 0.619 0.600 0.600 0.570 0.554 0.5250.460
  1.20 .723 .710 .711 .699 0.707 0.689 0.677 0.658 0.635 0.630 0.614 0.607 0.598 0.592 0.582 0.580 0.563 0.566 0.544 0.531 0.5060.451
  1.15 .695 .682 .686 .673 0.674 0.650 0.630 0.612 0.599 0.598 0.584 0.581 0.575 0.570 0.560 0.559 0.545 0.551 0.530 0.518 0.4970.446
  1.10 .662 .643 .650 .636 0.621 0.593 0.583 0.566 0.562 0.567 0.555 0.555 0.551 0.547 0.537 0.538 0.528 0.536 0.517 0.504 0.4890.441
  1.00 __________________. 0.420 0.435 0.477 0.467 0.477 0.494 0.495 0.498 0.497 0.501 0.493 0.496 0.487 0.505 0.491 0.481 0.4670.428
  0.90                   ! 0.231 0.281 0.329 0.375 0.397 0.426 0.434 0.448 0.446 0.454 0.449 0.457 0.451 0.476 0.465 0.462 0.4490.419
  0.80                   ! 0.057 0.131 0.208 0.280 0.320 0.356 0.372 0.393 0.396 0.406 0.409 0.414 0.418 0.444 0.439 0.439 0.4320.407
  0.70                   !   -   0.029 0.099 0.185 0.227 0.278 0.307 0.338 0.347 0.366 0.367 0.374 0.382 0.417 0.415 0.418 0.4190.397
  0.60                   !   -  -0.010 0.009 0.083 0.130 0.197 0.239 0.287 0.300 0.321 0.329 0.340 0.350 0.389 0.390 0.398 0.4010.385
  0.70                   !   -  -0.022-0.039-0.005 0.033 0.107 0.170 0.235 0.256 0.277 0.288 0.300 0.320 0.364 0.370 0.381 0.3850.375
  0.40                   !   -    -   -0.072-0.072-0.047 0.029 0.107 0.179 0.208 0.241 0.252 0.271 0.288 0.335 0.347 0.365 0.3690.366
  0.30                   !   -    -   -0.084-0.110-0.098-0.040 0.047 0.131 0.164 0.196 0.215 0.239 0.262 0.309 0.327 0.346 0.3540.351
  0.20                   !   -    -   -0.088-0.137-0.137-0.091-0.007 0.082 0.118 0.160 0.183 0.212 0.239 0.285 0.307 0.327 0.3410.334
  0.15                   !   -    -   -0.085-0.147-0.152-0.111-0.034 0.058 0.097 0.142 0.159 0.195 0.224 0.274 0.291 0.315 0.3300.326
  0.10                   !   -    -   -0.080-0.150-0.150-0.121-0.048 0.043 0.101 0.149 0.176 0.179 0.220 0.259 0.277 0.295 0.3200.316
  0.00                   ! 0.000 0.000 0.000 0.000 0.000 0.000 0.000 0.000 0.000 0.000 0.000 0.000 0.000 0.000 0.000 0.000 0.0000.000
 
 Table 6b.     OPPOSITE WALL  DIVERGING BY 6 DEGREES

 ( V / Ur ) * 100           DATA FILE INDEX K= 4  L= 1 

 Y/H\X/H= -4. -2. -1.   0.   1.0   1.5   2.0   3.0   4.0   5.0   6.0   7.1   7.6   8.1   8.6   9.1  10.0  12.0  14.0  16.0  20.0  32.
  8.00       0.2  1.1  3.2         5.3   5.1         5.1   5.1   4.8   4.4   4.5   4.4   4.3   4.5   4.4   3.7   3.9   3.7   3.8  3.6
  6.00  0.1  0.8  1.3  2.0   2.5   2.5   2.3   1.2   2.5   2.5   2.4   2.2   2.3   2.3   2.2   2.5   2.7   2.0   2.5   2.6   2.7  2.6
  5.00  0.1  0.7  1.1  1.4   1.6   1.5   1.4   1.2   1.1   1.1   1.1   0.9   1.0   1.1   1.1   1.5   1.8   1.0   1.9   2.0   2.3  2.5
  4.00  0.3  0.7  1.0  1.1   1.2   1.1   0.7   0.5   0.0   0.0  -0.1  -0.4  -0.3   0.0   0.0   0.5   0.9   0.6   1.3   1.5   1.9  1.8
  3.60  0.3  0.7  0.9  1.0   0.9   0.9   0.5   0.1  -0.1  -0.3  -0.5  -0.7  -0.6  -0.3  -0.3   0.1   0.4   0.3   1.1   1.2   1.7  1.3
  3.20  0.3  0.7  0.8  0.9   0.7   0.7   0.2  -0.2  -0.5  -0.8  -1.0  -1.3  -1.2  -1.0  -1.0  -0.5   0.0   0.1   0.8   1.1   1.3  0.7
  2.80  0.2  0.4  0.5  0.6   0.4   0.4  -0.1  -0.6  -1.2  -1.6  -1.8  -2.1  -1.9  -1.7  -1.5  -1.0  -0.4  -0.3   0.5   0.6   0.7  0.0
  2.40 -0.1  0.2  0.3  0.3   0.1   0.2  -0.3  -1.0  -1.8  -2.2  -2.5  -2.7  -2.5  -2.3  -2.1  -1.5  -1.0  -0.9  -0.1   0.0  -0.1 -0.5
  2.00 -0.3 -0.2 -0.1 -0.2  -0.3  -0.2  -0.6  -1.3  -2.4  -2.9  -3.2  -3.4  -3.0  -2.8  -2.7  -2.1  -1.6  -1.6  -1.1  -0.9  -0.9 -1.0
  1.70 -0.4 -0.3 -0.2 -0.4  -0.4  -0.3  -0.7  -1.5  -2.6  -3.4  -3.6  -3.8  -3.5  -3.3  -3.1  -2.8  -2.3  -2.4  -1.7  -1.6  -1.5 -0.9
  1.50 -0.3 -0.4 -0.2 -0.3  -0.4  -0.2  -0.6  -1.5  -2.8  -3.8  -3.8  -4.1  -4.0  -3.8  -3.5  -3.3  -2.7  -3.1  -2.2  -1.9  -1.8 -0.8
  1.40 -0.4 -0.2 -0.3 -0.3  -0.3  -0.2  -0.6  -1.5  -3.0  -4.0  -4.1  -4.2  -4.3  -4.0  -4.0  -3.6  -2.8  -3.2  -2.5  -2.3  -1.9 -0.7
  1.30 -0.3 -0.2 -0.2 -0.4  -0.6  -0.2  -0.4  -1.6  -3.2  -4.3  -4.4  -4.8  -4.6  -4.4  -4.4  -4.0  -3.3  -3.7  -2.5  -2.4  -2.0 -0.8
  1.20 -0.3 -0.1 -0.2 -0.5  -0.6  -0.2  -0.8  -2.1  -3.8  -5.0  -4.9  -5.0  -5.1  -4.7  -4.8  -4.4  -3.6  -3.9  -3.0  -2.6  -1.8 -0.7
  1.15 -0.3 -0.1 -0.2 -0.5  -0.4  -0.7  -1.3  -2.3  -4.0  -5.2  -5.1  -5.2  -5.2  -4.9  -4.9  -4.6  -3.8  -4.0  -3.0  -2.7  -1.9 -0.8
  1.10 -0.5 -0.6 -0.6 -0.5  -0.8  -1.2  -1.8  -2.6  -4.2  -5.4  -5.3  -5.5  -5.3  -5.1  -4.9  -4.8  -4.0  -4.1  -3.0  -2.7  -1.9 -0.8
  1.00 __________________.  -2.2  -2.5  -3.3  -2.9  -4.5  -5.8  -5.7  -5.6  -5.8  -5.5  -5.2  -5.3  -4.1  -4.4  -3.4  -2.7  -2.0 -0.7
  0.90                   !  -2.0  -2.5  -2.7  -2.9  -4.7  -6.2  -6.2  -6.2  -5.9  -5.5  -5.5  -5.2  -4.3  -4.4  -3.2  -2.9  -1.6 -0.7
  0.80                   !  -1.0  -0.7  -2.1  -3.0  -4.9  -6.2  -6.5  -6.3  -5.9  -5.8  -5.4  -5.1  -4.5  -4.2  -3.3  -2.8  -1.6 -0.7
  0.70                   !    -    0.5  -0.5  -2.6  -4.4  -6.3  -6.7  -6.3  -5.9  -5.8  -5.5  -5.4  -4.4  -4.4  -3.1  -2.6  -1.5 -0.7
  0.60                   !    -    1.0   1.3  -1.6  -3.8  -5.6  -6.6  -6.3  -6.1  -5.7  -5.3  -5.3  -4.2  -4.1  -3.0  -2.6  -1.4 -0.5
  0.50                   !    -    1.3   2.1  -0.9  -3.4  -5.3  -6.4  -5.7  -5.6  -5.4  -5.1  -4.7  -4.3  -3.8  -3.0  -2.4  -1.1 -0.4
  0.40                   !    -     -    2.5  -0.1  -2.3  -4.3  -6.0  -5.3  -4.9  -5.1  -4.1  -4.4  -3.8  -3.3  -2.6  -2.2  -1.1 -0.5
  0.30                   !    -     -    2.1   0.1  -1.9  -3.2  -5.1  -4.6  -4.0  -4.1  -3.7  -3.7  -3.2  -2.9  -2.3  -1.9  -1.0 -0.6
  0.20                   !    -     -    1.5   0.2  -1.0  -2.0  -3.5  -3.7  -2.8  -3.1  -2.7  -2.7  -2.7  -2.3  -1.9  -1.6  -1.1 -0.7
  0.15                   !    -     -    0.9   0.3  -0.9  -1.4  -2.7  -2.8  -2.5  -2.6  -2.2  -2.3  -2.3  -2.0  -1.9  -1.5  -1.1 -0.7
  0.10                   !    -     -    0.5   0.0  -0.7  -1.3  -2.4  -2.5  -2.2  -2.2  -3.7  -2.3  -2.2  -2.0  -2.1  -1.7  -1.2 -0.7
  0.00                   !   0.0   0.0   0.0   0.0   0.0   0.0   0.0   0.0   0.0   0.0   0.0   0.0   0.0   0.0   0.0   0.0   0.0  0.0
 
 Table 6c.     OPPOSITE WALL  DIVERGING BY 6 DEGREES

 ( uu / Ur*Ur ) * 1000          DATA FILE INDEX K= 5  L= 1

 Y/H\X/H= -4. -2. -1.   0.   1.0   1.5   2.0   3.0   4.0   5.0   6.0   7.1   7.6   8.1   8.6   9.1  10.0  12.0  14.0  16.0  20.0  32.
  8.00       0.7  0.9  0.8         0.6   0.7         0.5   0.4   0.4   0.8   0.4   0.4   0.5   0.5   0.4   0.4   0.3   0.4   0.4  0.4
  6.00  0.3  0.4  0.4  0.3   0.4   0.5   0.7   0.7   0.4   0.5   0.4   0.5   0.4   0.4   0.6   0.4   0.4   0.4   0.4   0.5   0.4  0.4
  5.00  0.3  0.4  0.4  0.3   0.4   0.6   0.6   0.7   0.5   0.5   0.4   0.5   0.4   0.4   0.6   0.4   0.4   0.4   0.4   0.5   0.5  0.5
  4.00  0.3  0.4  0.4  0.4   0.5   0.6   0.6   0.7   0.5   0.4   0.5   0.6   0.5   0.4   0.6   0.5   0.4   0.5   0.4   0.5   0.6  1.2
  3.60  0.4  0.4  0.4  0.4   0.5   0.6   0.7   0.7   0.5   0.5   0.5   0.6   0.5   0.4   0.6   0.5   0.4   0.5   0.5   0.6   0.7  2.3
  3.20  0.4  0.4  0.4  0.4   0.5   0.6   0.7   0.7   0.5   0.5   0.5   0.6   0.5   0.5   0.6   0.5   0.4   0.5   0.5   0.6   0.9  4.3
  2.80  0.4  0.4  0.4  0.4   0.5   0.6   0.7   0.7   0.5   0.5   0.5   0.7   0.5   0.6   0.7   0.6   0.6   0.7   0.8   1.0   1.9  6.8
  2.40  0.6  0.6  0.8  0.8   1.1   1.0   1.0   1.2   1.0   1.0   1.0   1.1   1.0   1.1   1.3   1.2   1.3   1.5   1.8   2.4   4.9  8.6
  2.00  1.7  1.9  2.0  2.1   2.4   2.1   2.2   2.3   2.2   2.2   2.1   2.3   2.2   2.4   2.7   2.4   2.7   3.4   4.4   6.1   8.4  9.5
  1.70  2.9  3.0  3.2  3.2   3.4   3.2   3.3   3.3   3.4   3.5   3.3   3.8   3.9   4.2   5.2   4.8   5.7   7.2   8.0   9.7  10.7  9.7
  1.50  3.9  4.0  4.1  4.0   4.3   3.9   4.2   4.3   4.8   5.4   5.4   6.8   6.5   7.6   8.7   8.4   9.2   9.6  10.7  11.5  11.4  9.6
  1.40  4.3  4.4  4.5  4.6   4.9   4.5   4.7   5.4   6.9   7.6   7.4   9.1   9.4  10.1  11.0  10.5  11.4  11.0  11.5  12.3  11.5  9.4
  1.30  4.9  5.0  5.1  5.3   5.6   5.2   5.9   7.9   9.9  10.7   9.9  12.3  12.3  13.0  13.0  12.6  13.3  12.3  12.7  12.4  11.7  9.1
  1.20  5.6  5.7  5.7  5.8   6.5   7.5   9.1  11.5  13.4  13.2  12.4  14.7  14.9  14.9  14.7  14.3  14.8  13.6  12.8  12.8  11.5  9.2
  1.15  6.0  6.0  6.0  6.3   7.6   9.9  11.4  13.4  14.9  14.9  13.5  15.6  15.5  15.7  15.8  14.8  15.2  13.9  13.0  12.9  11.5  9.0
  1.10  6.3  6.6  6.4  6.6  11.5  13.0  13.7  15.3  16.5  16.6  14.6  16.5  16.1  16.5  16.9  15.2  15.6  14.1  13.2  12.9  11.5  8.8
  1.00  _________________.  17.3  15.5  15.3  16.7  17.8  18.5  17.3  18.8  18.0  18.2  18.0  16.4  16.4  14.5  13.3  13.1  10.9  8.6
  0.90                   !  13.9  15.3  15.5  17.2  20.1  20.4  19.2  20.1  18.8  19.1  18.6  16.8  16.2  14.8  13.6  12.8  11.2  8.4
  0.80                   !   7.7  13.8  15.1  17.9  22.4  21.9  21.3  21.2  19.9  19.3  18.7  17.9  16.6  14.8  13.6  12.4  10.6  8.2
  0.70                   !    -    8.2  14.3  20.1  27.4  26.7  22.8  22.6  21.1  20.3  19.1  17.9  16.1  14.7  12.6  12.0  10.6  7.6
  0.60                   !    -    5.1  11.1  21.9  29.6  30.9  25.2  23.6  22.0  20.1  19.0  17.0  15.9  14.0  12.1  11.4   9.7  7.5
  0.50                   !    -    5.0   8.1  18.9  28.4  31.5  26.0  23.4  22.3  19.7  18.0  17.0  15.1  13.1  11.7  10.6   9.4  7.1
  0.40                   !    -     -    6.9  14.0  21.5  28.3  26.0  24.2  21.8  19.8  17.0  15.6  14.1  12.5  10.7  10.1   8.7  6.6
  0.30                   !    -     -    6.4  10.3  15.9  21.6  23.8  23.1  20.9  19.0  16.1  14.7  12.8  10.8   9.9   9.4   8.2  6.1
  0.20                   !    -     -    6.2   8.3  10.8  15.1  19.2  19.6  19.1  17.4  14.6  14.0  11.5   9.3   9.4   8.7   7.8  5.8
  0.15                   !    -     -    6.3   7.1   9.0  12.2  16.5  18.5  17.8  16.7  13.8  13.8  10.7   9.0   8.3   8.0   7.3  5.8
  0.10                   !    -     -    6.3   6.9   8.8   9.7  13.9  17.5  18.7  16.7  13.7  11.6  10.0   8.0   6.3   7.2   7.0  5.4
  0.00                   !   0.0   0.0   0.0   0.0   0.0   0.0   0.0   0.0   0.0   0.0   0.0   0.0   0.0   0.0   0.0   0.0   0.0  0.0
 
 Table 6d.     OPPOSITE WALL  DIVERGING BY 6 DEGREES

 ( vv / Ur*Ur ) * 1000             DATA FILE INDEX K= 6  L= 1 

 Y/H\X/H= -4. -2. -1.   0.   1.0   1.5   2.0   3.0   4.0   5.0   6.0   7.1   7.6   8.1   8.6   9.1  10.0  12.0  14.0  16.0  20.0  32.
  8.00       0.5  0.6  0.5         0.5   0.6         0.4   0.4   0.4   0.6   0.3   0.3   0.4   0.3   0.3   0.3   0.3   0.3   0.3  0.3
  6.00  0.2  0.2  0.2  0.2   0.3   0.4   0.5   0.6   0.3   0.4   0.4   0.4   0.4   0.4   0.4   0.3   0.3   0.3   0.3   0.4   0.3  0.3
  5.00  0.2  0.2  0.2  0.2   0.3   0.5   0.5   0.6   0.4   0.4   0.4   0.5   0.4   0.4   0.4   0.3   0.3   0.4   0.3   0.4   0.4  0.5
  4.00  0.2  0.2  0.2  0.2   0.3   0.5   0.5   0.6   0.4   0.3   0.4   0.5   0.4   0.4   0.5   0.4   0.3   0.4   0.4   0.4   0.5  1.1
  3.60  0.2  0.2  0.2  0.2   0.4   0.5   0.6   0.6   0.4   0.3   0.4   0.6   0.4   0.4   0.5   0.4   0.3   0.4   0.4   0.5   0.6  1.7
  3.20  0.2  0.2  0.2  0.2   0.4   0.4   0.6   0.6   0.4   0.4   0.4   0.5   0.4   0.4   0.5   0.4   0.3   0.4   0.5   0.6   0.8  2.5
  2.80  0.2  0.2  0.3  0.3   0.4   0.5   0.6   0.6   0.4   0.4   0.5   0.6   0.5   0.5   0.6   0.5   0.5   0.6   0.7   0.9   1.5  3.6
  2.40  0.4  0.4  0.5  0.4   0.7   0.7   0.7   0.9   0.7   0.7   0.8   0.9   0.8   0.8   1.0   0.8   0.9   1.1   1.4   1.7   2.8  4.7
  2.00  0.8  0.9  0.9  1.0   1.4   1.3   1.3   1.5   1.2   1.2   1.6   1.5   1.6   1.5   1.7   1.6   1.8   2.3   2.8   3.5   4.9  5.6
  1.70  1.3  1.3  1.4  1.4   1.8   1.8   1.9   2.1   1.9   1.9   2.5   2.5   2.7   2.6   3.2   3.0   3.5   4.3   4.9   5.4   6.2  5.8
  1.50  1.7  1.7  1.7  1.7   2.2   2.3   2.3   2.7   2.7   2.9   3.9   4.3   4.1   4.4   5.0   4.8   5.3   5.7   6.4   6.5   6.9  6.1
  1.40  1.7  1.8  1.9  1.8   2.4   2.5   2.7   3.3   3.6   4.1   5.4   5.3   5.6   5.7   6.3   5.8   6.7   6.8   7.5   7.3   7.1  6.0
  1.30  1.9  1.9  1.9  1.9   2.8   2.8   3.2   4.9   5.1   5.3   6.9   7.0   7.0   7.1   7.2   7.0   7.6   7.6   8.0   7.8   7.5  5.9
  1.20  2.0  2.0  2.0  2.0   3.2   4.0   4.8   6.7   7.1   7.1   8.7   8.7   8.7   8.5   8.8   8.2   8.8   8.8   8.6   8.2   7.5  5.7
  1.15  1.9  2.0  2.0  2.1   3.2   5.1   6.1   8.1   8.1   8.0   9.8   9.4   9.4   9.1   9.6   8.8   9.3   9.0   8.9   8.2   7.5  5.8
  1.10  1.9  2.1  1.9  2.3   4.5   6.8   7.5   9.6   9.2   9.0  10.8  10.1  10.1   9.7  10.3   9.3   9.8   9.3   9.1   8.1   7.6  5.8
  1.00  _________________.   8.8   9.9   9.8  11.2  11.6  10.8  12.3  11.9  11.6  11.1  11.2  10.7  10.7   9.9   9.3   8.4   7.7  5.4
  0.90                   !   9.3  11.1  11.2  12.2  13.2  12.6  13.8  13.8  13.2  12.5  12.3  11.5  11.1  10.4   9.6   8.7   7.3  5.1
  0.80                   !   5.4   9.3  10.8  13.0  14.6  14.6  15.8  14.5  14.4  13.7  13.4  12.6  12.1  10.3   9.7   8.6   7.2  5.0
  0.70                   !    -    5.4   9.4  13.9  15.9  16.3  17.3  16.4  15.4  14.3  14.4  13.1  12.3  10.7   9.6   8.6   7.0  4.8
  0.60                   !    -    3.1   6.6  13.5  16.6  17.7  18.4  16.9  16.2  15.3  14.2  13.2  12.5  10.5   9.1   8.0   6.5  4.6
  0.50                   !    -    2.7   5.0  11.6  16.1  18.6  18.9  17.7  16.2  15.6  14.7  13.2  12.9   9.7   9.0   7.8   6.6  4.2
  0.40                   !    -     -    4.1   9.5  13.9  17.2  17.7  17.4  15.9  15.1  13.5  13.0  11.8   9.6   8.0   6.9   5.4  4.1
  0.30                   !    -     -    3.7   7.2  10.7  14.5  16.2  15.8  14.7  14.1  12.6  12.1  11.0   8.8   7.1   5.8   4.8  3.8
  0.20                   !    -     -    3.3   6.0   7.7  10.5  13.0  13.2  12.3  11.8  10.6   9.6   9.2   7.5   5.9   4.9   4.1  3.3
  0.15                   !    -     -    2.9   5.0   6.3   8.5  11.3  11.2  10.8  10.5   9.5   8.5   8.4   6.5   7.0   4.5   3.8  3.0
  0.10                   !    -     -    2.5   4.4   5.8   7.3   8.5  10.5   9.5   9.9   8.5   8.3   7.9   6.2   6.0   4.4   3.4  3.0
  0.00                   !   0.0   0.0   0.0   0.0   0.0   0.0   0.0   0.0   0.0   0.0   0.0   0.0   0.0   0.0   0.0   0.0   0.0  0.0
 
 Table 6e.     OPPOSITE WALL  DIVERGING BY 6 DEGREES

 ( uv / Ur*Ur ) * 1000           DATA FILE INDEX K= 7  L= 1

 Y/H\X/H= -4. -2. -1.   0.   1.0   1.5   2.0   3.0   4.0   5.0   6.0   7.1   7.6   8.1   8.6   9.1  10.0  12.0  14.0  16.0  20.0  32.
  8.00       0.2  0.2  0.1         0.1   0.1         0.1   0.1   0.1   0.2   0.1   0.1   0.1   0.1   0.1   0.0   0.0   0.0   0.0  0.0
  6.00  0.1  0.1  0.1  0.1   0.1   0.1   0.1   0.2   0.1   0.1   0.1   0.1   0.1   0.1   0.1   0.1   0.0   0.0   0.0   0.1   0.0  0.1
  5.00  0.1  0.1  0.1  0.1   0.1   0.1   0.1   0.2   0.1   0.1   0.1   0.2   0.1   0.1   0.1   0.1   0.1   0.0   0.0   0.1   0.0  0.0
  4.00  0.1  0.1  0.1  0.1   0.1   0.1   0.1   0.2   0.1   0.1   0.1   0.2   0.1   0.1   0.1   0.1   0.1   0.0   0.0   0.1   0.0 -0.2
  3.60  0.1  0.1  0.1  0.1   0.1   0.1   0.1   0.2   0.1   0.1   0.1   0.2   0.1   0.1   0.1   0.1   0.1   0.0   0.0   0.1   0.0 -0.4
  3.20  0.1  0.1  0.1  0.1   0.1   0.1   0.1   0.2   0.1   0.1   0.2   0.2   0.1   0.1   0.1   0.1   0.1   0.0   0.0   0.0  -0.1 -0.9
  2.80  0.1  0.1  0.1  0.1   0.1   0.1   0.1   0.2   0.1   0.1   0.1   0.2   0.1   0.0   0.0   0.1   0.0  -0.1  -0.1  -0.1  -0.4 -1.6
  2.40  0.1  0.0  0.0  0.0   0.0  -0.1   0.0   0.0   0.0  -0.1   0.0   0.0   0.0  -0.1  -0.1  -0.1  -0.2  -0.3  -0.5  -0.6  -1.2 -2.3
  2.00 -0.3 -0.3 -0.4 -0.4  -0.3  -0.5  -0.4  -0.4  -0.5  -0.4  -0.4  -0.4  -0.4  -0.5  -0.6  -0.5  -0.7  -1.0  -1.3  -1.6  -2.4 -2.6
  1.70 -0.7 -0.7 -0.7 -0.8  -0.7  -0.8  -0.8  -0.7  -0.8  -0.8  -0.8  -0.9  -1.0  -1.1  -1.4  -1.4  -1.5  -2.1  -2.4  -2.6  -3.1 -2.8
  1.50 -1.0 -0.9 -1.0 -1.0  -1.0  -1.0  -0.9  -1.0  -1.2  -1.3  -1.6  -1.9  -1.6  -2.1  -2.5  -2.4  -2.7  -3.0  -3.2  -3.2  -3.4 -2.8
  1.40 -1.1 -1.1 -1.1 -1.1  -1.0  -1.2  -1.0  -1.2  -1.7  -1.9  -2.3  -2.5  -2.7  -3.0  -3.3  -3.0  -3.6  -3.5  -3.7  -3.6  -3.3 -2.6
  1.30 -1.2 -1.2 -1.1 -1.2  -1.0  -1.3  -1.3  -2.1  -2.5  -2.6  -2.9  -3.4  -3.6  -3.9  -3.7  -3.7  -4.1  -3.8  -4.0  -4.0  -3.6 -2.5
  1.20 -1.2 -1.2 -1.2 -1.2  -1.1  -1.8  -2.2  -3.1  -3.6  -3.5  -3.8  -4.4  -4.5  -4.7  -4.6  -4.3  -5.0  -4.6  -4.2  -4.0  -3.5 -2.5
  1.15 -1.2 -1.1 -1.1 -1.0  -1.5  -2.7  -3.2  -4.0  -4.3  -4.2  -4.3  -4.7  -4.8  -5.0  -5.0  -4.7  -5.0  -4.7  -4.2  -4.0  -3.5 -2.4
  1.10 -1.2 -1.1 -1.1 -0.7  -2.7  -3.7  -4.2  -5.0  -4.9  -4.9  -4.8  -5.0  -5.1  -5.4  -5.5  -5.2  -5.1  -4.8  -4.2  -4.0  -3.5 -2.3
  1.00  _________________.  -5.9  -5.9  -5.1  -5.9  -6.3  -6.0  -5.9  -6.4  -6.3  -6.3  -6.2  -5.7  -5.8  -5.1  -4.4  -4.2  -3.5 -2.1
  0.90                   !  -5.7  -6.6  -6.1  -6.4  -7.4  -7.2  -6.7  -7.3  -6.7  -7.0  -6.6  -5.9  -5.8  -5.3  -4.4  -3.9  -3.4 -1.9
  0.80                   !  -2.4  -5.0  -5.7  -6.3  -8.1  -7.9  -7.5  -7.7  -7.4  -7.5  -7.1  -6.8  -6.0  -5.4  -4.6  -3.9  -3.3 -1.9
  0.70                   !    -   -1.6  -4.5  -6.5  -9.4  -9.3  -8.0  -8.4  -7.9  -7.9  -7.2  -7.1  -5.9  -5.3  -4.1  -3.7  -3.0 -1.6
  0.60                   !    -   -0.5  -2.8  -6.4  -9.4 -10.5  -8.8  -8.3  -8.3  -7.9  -7.2  -6.6  -5.9  -4.9  -4.0  -3.5  -2.5 -1.6
  0.50                   !    -   -0.2  -1.2  -5.2  -9.1 -10.4  -8.7  -8.4  -8.2  -7.6  -6.8  -6.1  -5.5  -4.3  -3.7  -3.0  -2.4 -1.1
  0.40                   !    -     -   -0.4  -3.5  -7.2  -9.7  -8.4  -8.1  -7.5  -6.9  -5.9  -5.8  -5.0  -3.9  -3.1  -2.5  -1.8 -0.9
  0.30                   !    -     -   -0.3  -2.0  -5.4  -7.7  -7.5  -6.8  -6.2  -6.3  -5.0  -4.7  -3.8  -3.0  -2.3  -1.9  -1.5 -0.8
  0.20                   !    -     -   -0.1  -1.2  -2.9  -4.8  -5.5  -4.7  -4.2  -4.3  -3.3  -3.4  -2.7  -1.9  -1.4  -1.4  -1.0 -0.7
  0.15                   !    -     -    0.1  -0.8  -2.0  -3.3  -4.3  -3.7  -3.2  -3.3  -2.8  -2.5  -2.1  -1.6  -0.4  -1.0  -0.9 -0.5
  0.10                   !    -     -   -0.2  -0.9  -1.3  -2.9  -3.6  -3.1  -1.9  -0.7  -1.3  -1.4  -0.5  -0.7  -0.7  -0.7  -0.7 -0.4
  0.00                   !   0.0   0.0   0.0   0.0   0.0   0.0   0.0   0.0   0.0   0.0   0.0   0.0   0.0   0.0   0.0   0.0   0.0  0.0
 
 Table 6f.     OPPOSITE WALL  DIVERGING BY 6 DEGREES

 ( uuu / Ur*Ur*Ur ) * 1000         DATA FILE INDEX K= 8  L= 1

 Y/H\X/H= -4. -2. -1.   0.   1.0   1.5   2.0   3.0   4.0   5.0   6.0   7.1   7.6   8.1   8.6   9.1  10.0  12.0  14.0  16.0  20.0  32.
  8.00     -0.01-0.02-0.01        0.00  0.00        0.00  0.00  0.00  0.01  0.00  0.00  0.01  0.00  0.00  0.00  0.00  0.00  0.00 0.00
  6.00 0.00 0.00 0.00 0.00  0.00  0.00  0.00  0.00  0.00  0.00  0.00  0.00  0.00  0.00  0.01  0.00  0.01  0.00  0.01  0.00  0.00 0.00
  5.00 0.00 0.00 0.00 0.00  0.00  0.00  0.00  0.00  0.00  0.00  0.00  0.00  0.00  0.00  0.01  0.00  0.01  0.00  0.01  0.00  0.01 0.00
  4.00 0.00 0.00 0.00 0.00  0.00  0.01  0.00  0.00  0.00  0.00  0.01  0.00  0.01  0.00  0.01  0.00  0.01  0.01  0.01  0.00  0.01-0.05
  3.60 0.00 0.01 0.01 0.00  0.01  0.01  0.00  0.00  0.00  0.01  0.00  0.01  0.01  0.00  0.01  0.00  0.00  0.01  0.01  0.01  0.01-0.20
  3.20 0.00 0.01 0.01 0.00  0.00  0.01  0.00  0.00  0.00  0.00  0.00  0.00  0.00  0.00  0.01  0.00  0.00  0.00  0.00  0.01  0.01-0.41
  2.80 0.00 0.00 0.00 0.00  0.00  0.01  0.00  0.00  0.00  0.00  0.00  0.01  0.00  0.00  0.00  0.00  0.00  0.00  0.00  0.00 -0.10-0.56
  2.40 0.00-0.01-0.01-0.01 -0.02 -0.01 -0.01 -0.01 -0.02 -0.02 -0.01 -0.01 -0.01 -0.02 -0.01 -0.01 -0.02 -0.02 -0.07 -0.11 -0.47-0.42
  2.00-0.04-0.04-0.04-0.05 -0.04 -0.04 -0.04 -0.04 -0.04 -0.04 -0.04 -0.04 -0.04 -0.05 -0.05 -0.05 -0.07 -0.21 -0.35 -0.55 -0.72-0.29
  1.70-0.06-0.06-0.06-0.07 -0.05 -0.06 -0.05 -0.05 -0.06 -0.07 -0.06 -0.10 -0.16 -0.17 -0.32 -0.33 -0.43 -0.67 -0.73 -0.80 -0.61-0.14
  1.50-0.06-0.06-0.07-0.07 -0.06 -0.06 -0.05 -0.06 -0.14 -0.21 -0.26 -0.53 -0.44 -0.61 -0.83 -0.86 -0.85 -0.88 -0.82 -0.76 -0.43-0.05
  1.40-0.07-0.06-0.07-0.05 -0.07 -0.05 -0.05 -0.11 -0.34 -0.48 -0.48 -0.79 -0.94 -0.95 -1.10 -1.06 -1.04 -0.86 -0.75 -0.65 -0.40 0.00
  1.30-0.07-0.05-0.04-0.04 -0.05 -0.07 -0.12 -0.42 -0.70 -0.79 -0.70 -1.08 -1.18 -1.30 -1.20 -1.18 -1.14 -0.88 -0.66 -0.54 -0.25 0.06
  1.20-0.05-0.04-0.04-0.01 -0.05 -0.22 -0.41 -0.68 -0.94 -0.83 -0.89 -1.30 -1.30 -1.27 -1.13 -1.14 -1.11 -0.83 -0.60 -0.47 -0.17 0.08
  1.15-0.02-0.03-0.03-0.04 -0.18 -0.51 -0.53 -0.70 -0.84 -0.92 -0.91 -1.25 -1.17 -1.24 -1.14 -1.05 -0.98 -0.78 -0.51 -0.39 -0.11 0.08
  1.10-0.01-0.03-0.01-0.01 -0.57 -0.66 -0.64 -0.73 -0.74 -1.02 -0.93 -1.19 -1.04 -1.21 -1.15 -0.96 -0.85 -0.73 -0.43 -0.32 -0.06 0.08
  1.00 __________________. -0.21 -0.19 -0.24 -0.47 -0.80 -1.04 -1.08 -1.19 -1.09 -1.04 -1.05 -0.97 -0.74 -0.58 -0.40 -0.14 -0.05 0.08
  0.90                   !  0.22  0.00 -0.08 -0.33 -0.96 -1.18 -0.87 -1.13 -0.97 -0.95 -0.79 -0.63 -0.51 -0.42 -0.17 -0.14  0.05 0.10
  0.80                   !  0.46  0.18 -0.12 -0.47 -1.28 -1.39 -1.19 -0.99 -0.91 -0.80 -0.62 -0.67 -0.41 -0.27 -0.14 -0.06  0.08 0.11
  0.70                   !   _    0.38  0.12 -0.68 -1.78 -2.00 -1.17 -0.91 -0.63 -0.76 -0.53 -0.48 -0.26 -0.14  0.01  0.05  0.12 0.12
  0.60                   !   -   -0.06  0.13 -0.27 -0.91 -1.84 -1.19 -1.01 -0.70 -0.64 -0.42 -0.26 -0.19  0.06  0.12  0.12  0.17 0.13
  0.50                   !   -   -0.16  0.04  0.62  0.89 -0.32 -0.65 -0.69 -0.50 -0.38 -0.21 -0.04  0.05  0.10  0.15  0.15  0.16 0.11
  0.40                   !   -     -    0.04  0.63  1.49  1.16  0.04 -0.21 -0.25 -0.22 -0.11 -0.04  0.21  0.24  0.19  0.19  0.15 0.11
  0.30                   !   -     -    0.03  0.47  1.24  1.70  0.80  0.12  0.05 -0.06 -0.01  0.08  0.23  0.17  0.20  0.19  0.17 0.13
  0.20                   !   -     -    0.09  0.25  0.72  1.38  1.23  0.54  0.27  0.13  0.06  0.09  0.22  0.23  0.27  0.25  0.18 0.10
  0.15                   !   -     -    0.08  0.17  0.46  0.99  1.25  0.80  0.49  0.11  0.10  0.22  0.22  0.23  0.14  0.19  0.16 0.13
  0.10                   !   -     -    0.05  0.11  0.30  0.65  0.97  0.83  0.30 -0.03 -0.12 -0.03  0.14  0.20  0.09  0.20  0.18 0.09
  0.00                   !  0.00  0.00  0.00  0.00  0.00  0.00  0.00  0.00  0.00  0.00  0.00  0.00  0.00  0.00  0.00  0.00  0.00 0.00
 
 Table 6g.     OPPOSITE WALL  DIVERGING BY 6 DEGREES

 ( vvv / Ur*Ur*Ur ) * 1000          DATA FILE INDEX K= 9  L= 1

 Y/H\X/H= -4. -2. -1.   0.   1.0   1.5   2.0   3.0   4.0   5.0   6.0   7.1   7.6   8.1   8.6   9.1  10.0  12.0  14.0  16.0  20.0  32.
  8.00      0.00 0.00 0.00        0.00  0.00        0.00  0.00  0.00  0.00  0.00  0.00  0.00  0.00  0.00  0.00  0.00  0.00  0.00 0.00
  6.00 0.00 0.00 0.00 0.00  0.00  0.00  0.00  0.00  0.00  0.00  0.00  0.00  0.00  0.00  0.00  0.00  0.00  0.00  0.00  0.00  0.00 0.00
  5.00 0.00 0.00 0.00 0.00  0.00  0.00  0.00  0.00  0.00  0.00  0.00  0.00  0.00  0.00  0.00  0.00  0.00  0.00  0.00  0.00  0.00 0.01
  4.00 0.00 0.00 0.00 0.00  0.00  0.00  0.00  0.00  0.00  0.00  0.00  0.00  0.00  0.00  0.00  0.00  0.00  0.00  0.00  0.00  0.00 0.02
  3.60 0.00 0.00 0.00 0.00  0.00  0.00  0.00  0.00  0.00  0.00  0.00  0.00  0.00  0.00  0.00  0.00  0.00  0.00  0.00  0.00  0.01 0.04
  3.20 0.00 0.00 0.00 0.00  0.00  0.00  0.00  0.00  0.00  0.00  0.00  0.00  0.00  0.00  0.00  0.00  0.00  0.00  0.00  0.00  0.01 0.08
  2.80 0.00 0.00 0.00 0.00  0.00  0.00  0.00  0.00  0.00  0.00  0.00  0.00  0.00  0.00  0.00  0.00  0.01  0.00  0.01  0.01  0.04 0.13
  2.40 0.00 0.00 0.00 0.00  0.00  0.00  0.00  0.00  0.01  0.01  0.01  0.01  0.01  0.01  0.01  0.01  0.01  0.02  0.04  0.04  0.11 0.14
  2.00 0.01 0.01 0.01 0.01  0.01  0.01  0.01  0.01  0.01  0.01  0.02  0.02  0.02  0.02  0.03  0.03  0.05  0.09  0.12  0.13  0.19 0.13
  1.70 0.02 0.01 0.01 0.02  0.01  0.02  0.02  0.02  0.02  0.03  0.04  0.06  0.09  0.08  0.13  0.13  0.15  0.22  0.23  0.22  0.24 0.10
  1.50 0.02 0.02 0.01 0.02  0.02  0.01  0.02  0.03  0.08  0.10  0.15  0.22  0.15  0.21  0.28  0.25  0.30  0.29  0.29  0.23  0.21 0.06
  1.40 0.01 0.01 0.02 0.01  0.01  0.02  0.02  0.06  0.14  0.17  0.26  0.26  0.31  0.34  0.35  0.33  0.42  0.33  0.28  0.23  0.20 0.01
  1.30 0.01 0.01 0.01 0.01  0.01  0.03  0.05  0.18  0.22  0.24  0.28  0.36  0.38  0.46  0.38  0.39  0.42  0.33  0.28  0.26  0.19 0.01
  1.20 0.01 0.01 0.01 0.01  0.02  0.11  0.14  0.22  0.31  0.30  0.33  0.48  0.46  0.48  0.48  0.43  0.43  0.35  0.28  0.21  0.13 0.00
  1.15 0.01 0.01 0.01 0.01  0.08  0.20  0.21  0.28  0.32  0.35  0.39  0.47  0.48  0.49  0.53  0.46  0.41  0.33  0.28  0.20  0.12 0.00
  1.10 0.01 0.01 0.01 0.01  0.17  0.26  0.28  0.35  0.33  0.40  0.45  0.46  0.49  0.50  0.57  0.49  0.38  0.32  0.29  0.18  0.12 0.00
  1.00 __________________.  0.15  0.17  0.17  0.23  0.44  0.36  0.48  0.61  0.56  0.48  0.52  0.50  0.47  0.31  0.14  0.14  0.09-0.01
  0.90                   ! -0.21 -0.12 -0.07  0.12  0.34  0.44  0.56  0.64  0.53  0.58  0.49  0.48  0.37  0.26  0.19  0.13  0.03-0.02
  0.80                   ! -0.30 -0.33 -0.17 -0.02  0.33  0.41  0.59  0.59  0.47  0.47  0.43  0.38  0.30  0.18  0.14  0.07  0.01-0.05
  0.70                   !   -   -0.18 -0.29 -0.12  0.21  0.39  0.46  0.54  0.47  0.42  0.43  0.32  0.23  0.10  0.08  0.01 -0.03-0.02
  0.60                   !   -   -0.02 -0.25 -0.19 -0.07  0.30  0.46  0.38  0.34  0.32  0.25  0.22  0.12  0.08  0.03 -0.05 -0.05-0.03
  0.50                   !   -    0.03 -0.07 -0.40 -0.33 -0.05  0.26  0.27  0.08  0.19  0.15  0.06  0.04 -0.06 -0.04 -0.07 -0.06-0.04
  0.40                   !   -     -   -0.02 -0.33 -0.51 -0.43 -0.06  0.06  0.03  0.04 -0.01  0.04 -0.07 -0.12 -0.10 -0.10 -0.07-0.02
  0.30                   !   -     -   -0.01 -0.20 -0.54 -0.54 -0.34 -0.21 -0.16 -0.25 -0.15 -0.14 -0.16 -0.14 -0.09 -0.07 -0.07-0.03
  0.20                   !   -     -    0.00 -0.17 -0.35 -0.51 -0.42 -0.32 -0.27 -0.19 -0.23 -0.20 -0.14 -0.11 -0.10 -0.04 -0.04-0.03
  0.15                   !   -     -    0.00 -0.12 -0.29 -0.44 -0.45 -0.35 -0.30 -0.26 -0.19 -0.12 -0.14 -0.05 -0.04 -0.04 -0.04-0.01
  0.10                   !   -     -    0.01 -0.09 -0.17 -0.26 -0.37 -0.30 -0.18 -0.10 -0.12 -0.08 -0.04 -0.03 -0.02 -0.03 -0.03-0.02
  0.00                   !  0.00  0.00  0.00  0.00  0.00  0.00  0.00  0.00  0.00  0.00  0.00  0.00  0.00  0.00  0.00  0.00  0.00 0.00
 
 Table 6h.     OPPOSITE WALL  DIVERGING BY 6 DEGREES

 ( vuu / Ur*Ur*Ur ) * 1000       DATA FILE INDEX K=10  L= 1 

 Y/H\X/H= -4. -2. -1.   0.   1.0   1.5   2.0   3.0   4.0   5.0   6.0   7.1   7.6   8.1   8.6   9.1  10.0  12.0  14.0  16.0  20.0  32.
  8.00      0.00 0.00 0.00        0.00  0.00        0.00  0.00  0.00  0.00  0.00  0.00  0.00  0.00  0.00  0.00  0.00  0.00  0.00 0.00
  6.00 0.00 0.00 0.00 0.00  0.00  0.00  0.00  0.00  0.00  0.00  0.00  0.00  0.00  0.00  0.00  0.00  0.00  0.00  0.00  0.00  0.00 0.00
  5.00 0.00 0.00 0.00 0.00  0.00  0.00  0.00  0.00  0.00  0.00  0.00  0.00  0.00  0.00  0.00  0.00  0.00  0.00  0.00  0.00  0.00 0.00
  4.00 0.00 0.00 0.00 0.00  0.00  0.00  0.00  0.00  0.00  0.00  0.00  0.00  0.00  0.00  0.00  0.00  0.00  0.00  0.00  0.00  0.00 0.02
  3.60 0.00 0.00 0.00 0.00  0.00  0.00  0.00  0.00  0.00  0.00  0.00  0.00  0.00  0.00  0.00  0.00  0.00  0.00  0.00  0.00  0.00 0.05
  3.20 0.00 0.00 0.00 0.00  0.00  0.00  0.00  0.00  0.00  0.00  0.00  0.00  0.00  0.00  0.00  0.00  0.00  0.00  0.00  0.00  0.01 0.13
  2.80 0.00 0.00 0.00 0.00  0.00  0.00  0.00  0.00  0.00  0.00  0.00  0.00  0.00  0.00  0.00  0.00  0.00  0.00  0.01  0.00  0.05 0.18
  2.40 0.00 0.00 0.00 0.01  0.00  0.00  0.00  0.01  0.01  0.01  0.01  0.01  0.01  0.01  0.01  0.01  0.01  0.02  0.04  0.05  0.16 0.16
  2.00 0.02 0.02 0.01 0.02  0.01  0.02  0.02  0.01  0.02  0.02  0.02  0.02  0.02  0.02  0.03  0.02  0.04  0.11  0.15  0.20  0.28 0.13
  1.70 0.02 0.02 0.02 0.02  0.02  0.02  0.02  0.02  0.02  0.03  0.03  0.05  0.08  0.08  0.13  0.15  0.15  0.26  0.30  0.29  0.26 0.09
  1.50 0.02 0.02 0.02 0.02  0.01  0.02  0.02  0.03  0.07  0.08  0.15  0.24  0.17  0.23  0.33  0.34  0.36  0.37  0.35  0.30  0.24 0.06
  1.40 0.02 0.02 0.02 0.02  0.01  0.01  0.02  0.04  0.14  0.20  0.26  0.31  0.39  0.42  0.46  0.46  0.47  0.41  0.36  0.29  0.21 0.03
  1.30 0.02 0.02 0.02 0.02  0.00  0.03  0.05  0.20  0.28  0.25  0.33  0.47  0.51  0.58  0.53  0.49  0.52  0.43  0.34  0.31  0.16 0.02
  1.20 0.02 0.02 0.01 0.01  0.01  0.11  0.18  0.30  0.43  0.36  0.43  0.61  0.68  0.61  0.55  0.56  0.56  0.44  0.32  0.27  0.12 0.00
  1.15 0.01 0.01 0.02 0.01  0.06  0.22  0.27  0.36  0.44  0.45  0.47  0.61  0.62  0.64  0.59  0.56  0.53  0.43  0.31  0.24  0.10 0.00
  1.10 0.01 0.01 0.02 0.01  0.24  0.33  0.37  0.42  0.44  0.54  0.52  0.61  0.55  0.68  0.64  0.56  0.50  0.41  0.29  0.21  0.09-0.01
  1.00 __________________.  0.17  0.24  0.20  0.30  0.53  0.57  0.61  0.78  0.71  0.64  0.63  0.62  0.46  0.35  0.26  0.14  0.08-0.02
  0.90                   ! -0.16  0.01  0.09  0.16  0.58  0.73  0.60  0.83  0.64  0.68  0.56  0.47  0.38  0.29  0.17  0.14  0.04-0.01
  0.80                   ! -0.23 -0.27 -0.01  0.15  0.65  0.71  0.73  0.67  0.61  0.57  0.51  0.57  0.36  0.24  0.14  0.10  0.00-0.03
  0.70                   !   -   -0.15 -0.22  0.07  0.67  0.74  0.66  0.55  0.44  0.56  0.44  0.38  0.29  0.15  0.07  0.01  0.01-0.03
  0.60                   !   -    0.01 -0.18 -0.06  0.26  0.80  0.58  0.43  0.40  0.39  0.34  0.28  0.19  0.04  0.00  0.01 -0.03-0.03
  0.50                   !   -    0.05 -0.06 -0.30 -0.29  0.22  0.27  0.36  0.26  0.25  0.19  0.18  0.05  0.00 -0.02 -0.02 -0.05-0.02
  0.40                   !   -     -    0.00 -0.27 -0.64 -0.25  0.16  0.09  0.08  0.13  0.15  0.05 -0.05 -0.09 -0.04 -0.03 -0.04-0.02
  0.30                   !   -     -   -0.01 -0.21 -0.56 -0.62 -0.20 -0.06 -0.02 -0.04 -0.03 -0.01 -0.09 -0.07 -0.05 -0.04 -0.02-0.01
  0.20                   !   -     -    0.00 -0.12 -0.35 -0.50 -0.36 -0.21 -0.14 -0.08 -0.05 -0.05 -0.10 -0.04 -0.02 -0.02 -0.02 0.00
  0.15                   !   -     -    0.00 -0.09 -0.24 -0.38 -0.39 -0.20 -0.15 -0.10 -0.10 -0.06 -0.08 -0.05 -0.01 -0.02 -0.01 0.00
  0.10                   !   -     -    0.00 -0.05 -0.14 -0.30 -0.33 -0.17 -0.05  0.01 -0.06 -0.02 -0.04 -0.06 -0.02 -0.02 -0.01-0.01
  0.00                   !  0.00  0.00  0.00  0.00  0.00  0.00  0.00  0.00  0.00  0.00  0.00  0.00  0.00  0.00  0.00  0.00  0.00 0.00
 
 Table 6i.     OPPOSITE WALL  DIVERGING BY 6 DEGREES

 ( uvv / Ur*Ur*Ur ) * 1000            DATA FILE INDEX K=11  L= 1 

 Y/H\X/H= -4. -2. -1.   0.   1.0   1.5   2.0   3.0   4.0   5.0   6.0   7.1   7.6   8.1   8.6   9.1  10.0  12.0  14.0  16.0  20.0  32.
  8.00      0.00 0.00 0.00        0.00  0.00        0.00  0.00  0.00  0.01  0.00  0.00  0.00  0.00  0.00  0.00  0.00  0.00  0.00 0.00
  6.00 0.00 0.00 0.00 0.00  0.00  0.00  0.00  0.00  0.00  0.00  0.00  0.00  0.00  0.00  0.00  0.00  0.00  0.00  0.00  0.00  0.00 0.00
  5.00 0.00 0.00 0.00 0.00  0.00  0.00  0.00  0.00  0.00  0.00  0.00  0.00  0.00  0.00  0.00  0.00  0.00  0.00  0.00  0.00  0.00 0.00
  4.00 0.00 0.00 0.00 0.00  0.00  0.00  0.00  0.00  0.00  0.00  0.00  0.00  0.00  0.00  0.00  0.00  0.00  0.00  0.00  0.00  0.00-0.02
  3.60 0.00 0.00 0.00 0.00  0.00  0.00  0.00  0.00  0.00  0.00  0.00  0.00  0.00  0.00  0.01  0.00  0.00  0.00  0.00  0.00  0.00-0.06
  3.20 0.00 0.00 0.00 0.00  0.00  0.00  0.00  0.00  0.00  0.00  0.00  0.00  0.00  0.00  0.00  0.00  0.00  0.00  0.00  0.00  0.00-0.13
  2.80 0.00 0.00 0.00 0.00  0.00  0.00  0.00  0.00  0.00  0.00  0.00  0.00  0.00  0.00  0.00  0.00  0.00  0.00  0.00  0.00 -0.04-0.18
  2.40 0.00 0.00 0.00 0.00  0.00  0.00  0.00  0.00  0.00  0.00 -0.01  0.00  0.00  0.00  0.00  0.00  0.00 -0.01 -0.03 -0.04 -0.15-0.17
  2.00-0.01-0.01-0.01-0.01 -0.01 -0.01 -0.01 -0.02 -0.01 -0.01 -0.02 -0.01 -0.02 -0.01 -0.02 -0.02 -0.04 -0.10 -0.15 -0.19 -0.27-0.13
  1.70-0.01-0.02-0.01-0.02 -0.01 -0.02 -0.02 -0.02 -0.02 -0.02 -0.03 -0.04 -0.07 -0.07 -0.13 -0.14 -0.18 -0.27 -0.32 -0.30 -0.27-0.07
  1.50-0.02-0.01-0.02-0.02 -0.02 -0.02 -0.02 -0.03 -0.06 -0.07 -0.16 -0.23 -0.18 -0.23 -0.31 -0.31 -0.36 -0.38 -0.37 -0.30 -0.23-0.04
  1.40-0.01-0.01-0.01-0.01 -0.01 -0.02 -0.02 -0.06 -0.13 -0.19 -0.28 -0.29 -0.37 -0.36 -0.41 -0.42 -0.47 -0.40 -0.40 -0.30 -0.19 0.00
  1.30-0.01-0.01-0.01-0.01 -0.01 -0.02 -0.05 -0.20 -0.26 -0.25 -0.38 -0.46 -0.49 -0.53 -0.47 -0.48 -0.48 -0.45 -0.35 -0.30 -0.15-0.01
  1.20-0.01-0.01-0.01-0.01 -0.01 -0.10 -0.16 -0.28 -0.38 -0.33 -0.45 -0.59 -0.60 -0.57 -0.51 -0.50 -0.54 -0.44 -0.33 -0.25 -0.10 0.02
  1.15-0.01-0.01-0.01-0.01 -0.06 -0.21 -0.23 -0.33 -0.39 -0.41 -0.51 -0.59 -0.57 -0.58 -0.56 -0.51 -0.52 -0.42 -0.30 -0.23 -0.08 0.03
  1.10-0.01-0.01-0.01-0.02 -0.20 -0.31 -0.31 -0.38 -0.40 -0.48 -0.58 -0.59 -0.54 -0.58 -0.60 -0.51 -0.50 -0.40 -0.28 -0.20 -0.07 0.03
  1.00 __________________. -0.16 -0.21 -0.18 -0.27 -0.49 -0.51 -0.61 -0.71 -0.65 -0.57 -0.60 -0.56 -0.47 -0.39 -0.21 -0.13 -0.06 0.03
  0.90                   !  0.11  0.02 -0.06 -0.22 -0.54 -0.61 -0.70 -0.73 -0.64 -0.64 -0.57 -0.49 -0.39 -0.28 -0.16 -0.09 -0.02 0.04
  0.80                   !  0.22  0.23 -0.01 -0.18 -0.60 -0.64 -0.76 -0.68 -0.63 -0.54 -0.45 -0.47 -0.33 -0.20 -0.12 -0.04  0.03 0.04
  0.70                   !   -    0.20  0.18 -0.16 -0.58 -0.69 -0.78 -0.62 -0.51 -0.52 -0.42 -0.38 -0.28 -0.16 -0.04 -0.02  0.04 0.04
  0.60                   !   -    0.01  0.16  0.03 -0.16 -0.57 -0.68 -0.42 -0.47 -0.40 -0.28 -0.31 -0.15 -0.07  0.01  0.04  0.07 0.05
  0.50                   !   -   -0.02  0.06  0.31  0.27 -0.13 -0.36 -0.37 -0.32 -0.32 -0.22 -0.19  0.00  0.02  0.05  0.06  0.08 0.04
  0.40                   !   -     -    0.03  0.29  0.60  0.37 -0.02 -0.13 -0.12 -0.19 -0.12 -0.09  0.06  0.11  0.08  0.08  0.07 0.04
  0.30                   !   -     -    0.01  0.21  0.53  0.64  0.36  0.15  0.07  0.06  0.02  0.04  0.15  0.12  0.12  0.06  0.06 0.05
  0.20                   !   -     -    0.01  0.12  0.37  0.54  0.53  0.28  0.24  0.12  0.09  0.08  0.13  0.13  0.08  0.09  0.06 0.02
  0.15                   !   -     -    0.00  0.10  0.22  0.42  0.57  0.35  0.26  0.16  0.14  0.12  0.13  0.12  0.12  0.06  0.04 0.03
  0.10                   !   -     -    0.00  0.06  0.13  0.32  0.45  0.39  0.13  0.08  0.09  0.05  0.08  0.08  0.08  0.06  0.04 0.01
  0.00                   !  0.00  0.00  0.00  0.00  0.00  0.00  0.00  0.00  0.00  0.00  0.00  0.00  0.00  0.00  0.00  0.00  0.00 0.00
 
